50:54:51.119 5 8.078292 10.8058609 110.4431252 36.4057 264.73 0.24 0.49 3110.427
50:55:3.119 5 8.054396 10.8058186 110.4428691 36.3761 266.58 0 0.98 3110.456
50:55:27.119 5 8.008982 10.8057891 110.4423509 36.5375 270.08 0.03 -0.82 3110.414
50:55:39.119 5 7.987114 10.8057811 110.4420924 36.4069 270.3 -0.02 1.74 3110.425
50:55:51.119 5 7.96603 10.8057769 110.4418351 35.9177 270.75 0.53 1.07 3110.444
50:56:3.119 5 7.944602 10.8057994 110.4415773 35.9186 270.42 0.46 -1.36 3110.461
50:56:15.119 5 7.923554 10.8057991 110.4413221 35.5467 269.75 0.16 1.27 3110.435
50:56:27.119 5 7.90232 10.8058134 110.4410662 35.5594 269.14 -0.32 -0.7 3110.439
50:56:39.119 5 7.881204 10.8058289 110.4408098 36.0654 269.26 0.14 0.67 3110.442
50:56:51.119 5 7.860514 10.8058262 110.440554 35.4667 269.43 -0.17 0.58 3110.452
50:57:3.119 5 7.839712 10.8058389 110.4403001 35.6527 269.66 0.3 0.55 3110.443
50:57:15.119 5 7.819058 10.8058504 110.4400426 35.2723 269.75 0.07 -0.09 3110.443
50:57:39.119 5 7.778186 10.8058637 110.4395306 35.1893 270.06 0.5 1.25 3110.471
50:57:51.119 5 7.757594 10.8058774 110.4392735 35.4134 270.19 0.04 -1.37 3110.457
50:58:3.119 5 7.737812 10.8058832 110.4390169 35.3716 270.51 0.36 1.21 3110.438
50:58:15.119 5 7.717934 10.8058914 110.4387593 35.2317 270.31 0.28 0.49 3110.435
50:58:27.119 5 7.69811 10.8059146 110.4385014 35.1707 270.25 0.36 -0.4 3110.446
50:58:39.119 5 7.678502 10.8059187 110.4382434 35.2568 269.99 0.58 1.22 3110.44
50:58:51.119 5 7.65878 10.8059297 110.4379845 35.0832 269.83 0.16 -0.27 3110.42
50:59:3.119 5 7.639064 10.805948 110.4377269 35.1131 270.01 0.03 -0.55 3110.461
50:59:15.119 5 7.619498 10.8059594 110.437467 35.161 270.2 0.21 1 3110.451
50:59:27.119 5 7.599806 10.8059663 110.4372076 35.3213 270.18 0.11 1.09 3110.447
50:59:39.119 5 7.58016 10.8059778 110.4369448 35.2113 270.11 0.33 1.39 3110.438
50:59:51.119 5 7.559912 10.8059907 110.4366819 35.4616 270.19 -0.32 -2 3110.442
51:0:3.119 5 7.540406 10.8060035 110.4364151 33.4762 270.39 0.14 2.09 3110.45
51:0:15.119 5 7.520614 10.8060079 110.4361476 33.9546 270.65 0.24 -0.45 3110.444
51:0:27.119 5 7.500862 10.8060231 110.4358773 34.3569 270.46 -0.21 0.17 3110.446
51:0:39.119 5 7.481458 10.8060291 110.4356084 34.6339 270.49 0.15 -0.4 3110.447
51:0:51.119 5 7.461392 10.8060481 110.4353357 34.5616 270.3 0.21 0.03 3110.445
51:1:3.119 5 7.441594 10.8060518 110.4350658 34.6052 270.27 -0.38 -0.27 3110.445
51:1:15.119 5 7.421712 10.806062 110.4347947 34.6632 270.39 0.02 0.4 3110.446
51:1:27.119 5 7.401998 10.8060594 110.4345216 34.5459 270.36 -0.41 0.02 3110.443
51:1:39.119 5 7.382502 10.8060668 110.4342492 34.6986 270.38 0.15 1.81 3110.458
51:1:51.119 5 7.362588 10.8060664 110.4339766 34.7329 270.5 0.26 -1.13 3110.446
51:2:15.119 5 7.324956 10.8060745 110.4334303 33.1051 270.9 0.02 0.16 3110.454
51:2:27.119 5 7.307182 10.806083 110.4331572 32.5365 270.88 0.07 -1.12 3110.486
51:2:39.119 5 7.290466 10.8060869 110.4328887 32.2541 271.52 0.2 0.72 3110.45
51:2:51.119 5 7.27514 10.8060891 110.4326352 32.5272 273.09 0.06 -0.35 3110.47
51:3:3.119 5 7.260844 10.8060982 110.432391 32.3976 275.06 0.48 0.61 3110.452
51:3:15.119 5 7.247868 10.8061016 110.4321559 32.4059 277.33 -0.31 -0.3 3110.424
51:3:27.119 5 7.236532 10.8061233 110.4319313 32.1905 279.94 0.36 -0.84 3110.427
51:3:39.119 5 7.225954 10.8061437 110.4317149 32.621 282.08 0.33 0.34 3110.45
51:3:51.119 5 7.217196 10.8061554 110.431505 32.2435 284.58 0.31 0.92 3110.45
51:4:3.119 5 7.208902 10.8062052 110.4313058 32.6067 286.78 -0.12 -1.88 3110.431
51:4:15.119 5 7.20287 10.8062354 110.4311073 32.3317 289.03 0.29 2.76 3110.417
51:4:27.119 5 7.196848 10.8062799 110.4309156 32.808 290.8 0.5 0.37 3110.443
51:4:39.119 5 7.19197 10.8063443 110.4307311 32.6306 292.77 0.27 -0.1 3110.461
51:4:51.119 5 7.18816 10.8064028 110.4305419 32.4227 294.43 -0.07 1.22 3110.458
51:5:3.119 5 7.185034 10.8064796 110.4303591 32.5695 295.94 0.08 -2.19 3110.472
51:5:15.119 5 7.182566 10.8065647 110.4301792 32.7249 296.19 -0.11 0.92 3110.472
51:5:27.119 5 7.180666 10.806634 110.4299923 32.6339 296.46 0.23 1.82 3110.45
51:5:39.119 5 7.178346 10.8067357 110.4298192 32.6212 295.86 0.12 0.09 3110.483
51:5:51.119 5 7.176458 10.8068256 110.4296411 33.0676 295.39 0.17 -1.13 3110.475
51:6:3.119 5 7.17496 10.8069222 110.4294625 33.0821 295.43 0.18 1.74 3110.482
51:6:15.119 5 7.173386 10.8070047 110.4292782 33.0424 296.63 0.05 1.29 3110.465
51:6:27.119 5 7.17201 10.8071085 110.4290996 32.8111 297.17 0.21 -2.23 3110.494
51:6:39.119 5 7.172166 10.8071997 110.4289146 32.8312 297.41 0.38 3.47 3110.45
51:6:51.119 5 7.17148 10.8072941 110.4287318 33.1444 297.72 0.34 0.28 3110.481
51:7:3.119 5 7.171382 10.807408 110.428557 33.1377 298.53 0.46 -2.23 3110.486
51:7:15.119 5 7.17268 10.8075 110.4283696 32.8561 299.45 0 2.63 3110.452
51:7:27.119 5 7.173858 10.8076037 110.4281894 32.9065 300.05 -0.06 -1.14 3110.453
51:7:39.119 5 7.175342 10.8077332 110.4280236 33.25 300.2 0.32 -0.06 3110.487
51:7:51.119 5 7.17702 10.8078223 110.4278364 33.0754 300.03 -0.06 2.15 3110.478
51:8:3.119 5 7.178498 10.8079416 110.4276651 33.1602 300.01 0.18 -1.91 3110.468
51:8:15.119 5 7.180474 10.8080653 110.4274952 33.3407 300.24 -0.15 1.16 3110.465
51:8:27.119 5 7.182752 10.8081606 110.4273085 33.1285 300.51 0.26 0.16 3110.474
51:8:39.119 5 7.184854 10.8082811 110.4271359 33.0626 300.47 0.18 -0.05 3110.474
51:8:51.119 5 7.1869 10.8083955 110.4269579 33.4179 300.38 -0.09 0.12 3110.509
51:9:15.119 5 7.191434 10.8086222 110.4265999 33.4293 300.13 -0.03 -0.35 3110.466
51:9:27.119 5 7.193664 10.8087364 110.4264199 33.2049 300 0.19 0.34 3110.475
51:9:39.119 5 7.195864 10.8088537 110.4262401 33.4658 299.41 -0.22 -2.47 3110.483
51:9:51.119 5 7.198954 10.8089612 110.4260555 33.2672 299.36 0.26 1.12 3110.467
51:10:3.119 5 7.201382 10.809075 110.4258737 33.5529 299.27 -0.17 0.61 3110.465
51:10:15.119 5 7.203984 10.8091921 110.4256956 33.4035 299.17 -0.21 -1.97 3110.438
51:10:27.119 5 7.207136 10.809303 110.4255131 33.4556 298.92 -0.26 1.99 3110.441
51:10:39.119 5 7.20948 10.809415 110.4253297 33.7496 298.41 0 -2.58 3110.48
51:10:51.119 5 7.212674 10.8095298 110.4251474 33.354 298.1 0.05 1.93 3110.514
51:11:15.119 5 7.217454 10.8097509 110.4247805 33.3464 296.26 0.23 1.12 3110.49
51:11:27.119 5 7.219396 10.8098548 110.4245927 33.7627 295.64 0.22 -1.79 3110.497
51:11:39.119 5 7.221694 10.8099591 110.4244071 33.255 294.41 0.04 2.68 3110.489
51:11:51.119 5 7.222584 10.8100611 110.4242202 33.5498 293.92 0.31 -0.6 3110.51
51:12:3.119 5 7.223638 10.810168 110.4240358 33.5311 292.91 0.03 -1.14 3110.464
51:12:15.119 5 7.2246 10.8102538 110.4238435 33.7499 291.85 0.41 1.34 3110.454
51:12:27.119 5 7.224504 10.8103429 110.4236537 33.5024 290.17 0.33 2.2 3110.484
51:12:39.119 5 7.22404 10.8104322 110.4234638 33.546 289.42 -0.01 -1.46 3110.47
51:12:51.119 5 7.223466 10.8105171 110.4232732 34.4456 288.74 0.29 1.04 3110.476
51:13:3.119 5 7.22272 10.810586 110.4230755 34.6114 287.88 -0.01 1.47 3110.496
51:13:15.119 5 7.221418 10.8106621 110.4228819 34.5984 286.94 0.02 -0.42 3110.465
51:13:27.119 5 7.22011 10.8107387 110.4226852 34.4154 286.32 -0.28 -0.99 3110.473
51:13:39.119 5 7.21894 10.8108057 110.4224859 34.3558 285.66 -0.12 1.6 3110.464
51:13:51.119 5 7.217142 10.8108686 110.4222862 34.6565 284.85 -0.01 -0.05 3110.468
51:14:3.119 5 7.215382 10.8109343 110.4220876 34.4716 284.07 -0.11 -0.54 3110.485
51:14:27.119 5 7.21233 10.8110536 110.4216818 34.6667 284.28 0.07 0.94 3110.492
51:14:39.119 5 7.210866 10.8111105 110.4214783 34.7503 284.44 -0.49 -0.26 3110.491
51:14:51.119 5 7.210226 10.8111713 110.4212749 34.4763 284.97 0.15 0.52 3110.477
51:15:3.119 5 7.209484 10.811235 110.4210703 34.5215 285.37 -0.4 -0.26 3110.472
51:15:15.119 5 7.209172 10.8112963 110.4208678 34.5758 285.19 0.02 -0.47 3110.478
51:15:27.119 5 7.208428 10.811363 110.4206645 34.8283 285.04 0 0.63 3110.48
51:15:39.119 5 7.20797 10.8114198 110.4204606 34.488 285 -0.51 -0.36 3110.481
51:15:51.119 5 7.207612 10.8114906 110.4202592 34.7591 285.34 -0.57 -0.2 3110.481
51:16:3.119 5 7.207982 10.8115439 110.4200527 34.6309 286.03 -0.28 -0.67 3110.427
51:16:15.119 5 7.208462 10.8116137 110.4198533 35.0695 286.04 0.03 2.26 3110.456
51:16:27.119 5 7.208638 10.8116629 110.4196467 34.4064 285.83 0.1 0.09 3110.414
51:16:39.119 5 7.208598 10.8117469 110.4194514 35.0186 285.62 0.13 -1.24 3110.425
51:16:51.119 5 7.208966 10.8117998 110.4192462 34.8142 285.34 0.02 1.07 3110.444
51:17:3.119 5 7.209446 10.8118607 110.419045 34.7715 285.51 -0.23 -0.59 3110.461
51:17:15.119 5 7.210036 10.8119297 110.4188456 34.8652 285.74 -0.2 1.85 3110.435
51:17:27.119 5 7.21024 10.8119815 110.4186414 34.8222 285.42 -0.53 -0.73 3110.439
51:17:39.119 5 7.211166 10.8120529 110.4184429 34.4776 285.54 -0.04 0.89 3110.442
51:18:3.119 5 7.211872 10.8121664 110.4180411 34.6198 285.26 0.26 -0.11 3110.452
51:18:15.119 5 7.212866 10.8122189 110.4178387 34.6006 285.42 0.18 1.12 3110.443
51:18:27.119 5 7.2136 10.8122851 110.4176392 34.7935 285.96 -0.1 -1.45 3110.443
51:18:39.119 5 7.215224 10.8123405 110.4174366 34.5536 286.32 -0.38 0.84 3110.471
51:18:51.119 5 7.21716 10.8123925 110.4172318 34.6801 286.47 -0.02 2.18 3110.457
51:19:3.119 5 7.218762 10.8124608 110.4170317 34.6809 286.16 -0.18 -2.27 3110.438
51:19:15.119 5 7.220842 10.8125287 110.4168333 34.5602 285.5 0.15 1.34 3110.435
51:19:27.119 5 7.222488 10.8125785 110.4166305 34.6657 284.66 0.81 2.68 3110.446
51:19:39.119 5 7.222842 10.8126485 110.4164335 34.6449 284.04 -0.37 -2.62 3110.44
51:19:51.119 5 7.224924 10.8127092 110.4162345 34.4206 284.68 0.01 1.6 3110.42
51:20:3.119 5 7.226642 10.8127553 110.4160325 34.9219 285.1 0.14 0.93 3110.461
51:20:15.119 5 7.228538 10.8128144 110.4158348 34.7057 284.96 -0.17 -0.45 3110.451
51:20:27.119 5 7.230676 10.8128723 110.4156344 34.7212 284.57 0 1.55 3110.447
51:20:39.119 5 7.232312 10.8129274 110.4154349 34.9757 283.65 -0.36 -1.86 3110.438
51:20:51.119 5 7.234302 10.8129937 110.4152351 34.7658 282.99 0.57 0.7 3110.442
51:21:15.119 5 7.237272 10.8131078 110.4148279 36.6249 281.96 -0.49 -2.94 3110.45
51:21:27.119 5 7.23977 10.8131531 110.4146226 36.3314 281.93 0.28 2.83 3110.444
51:21:39.119 5 7.240836 10.8132 110.4144176 36.5734 281.65 -0.22 -0.21 3110.446
51:21:51.119 5 7.242446 10.813259 110.4142158 36.5011 281.85 -0.01 -0.34 3110.447
51:22:3.119 5 7.244286 10.8132968 110.4140085 36.419 281.88 -0.08 1.5 3110.445
51:22:15.119 5 7.24585 10.8133501 110.4138034 36.2345 281.72 0.09 -0.65 3110.445
51:22:27.119 5 7.247248 10.8134043 110.4135977 36.3894 281.81 0.01 -1.41 3110.446
51:22:39.119 5 7.249298 10.8134392 110.4133894 36.8077 280.86 0.44 2.52 3110.443
51:22:51.119 5 7.250408 10.8134819 110.413186 37.1586 280.02 -0.1 -1.51 3110.458
51:23:3.119 5 7.251256 10.8135405 110.4129833 36.955 278.91 0.03 -0.76 3110.446
51:23:15.119 5 7.252526 10.8135656 110.4127729 36.6515 278.01 0.36 0.68 3110.454
51:23:39.119 5 7.2527 10.8136436 110.4123658 37.1082 275.52 0.19 0 3110.486
51:23:51.119 5 7.25241 10.8136779 110.4121605 36.9569 274.58 0.59 -0.86 3110.45
51:24:3.119 5 7.25203 10.8137013 110.4119534 36.772 274.21 0.03 1.41 3110.47
51:24:15.119 5 7.25133 10.8137218 110.41175 36.8499 273.65 0.38 -0.95 3110.452
51:24:27.119 5 7.250358 10.8137505 110.4115463 36.7887 272.49 -0.06 -0.41 3110.424
51:24:39.119 5 7.249508 10.8137597 110.4113434 36.905 272.2 0.04 1.13 3110.427
51:24:51.119 5 7.2483 10.813781 110.4111391 36.8469 272.12 0.01 -1.47 3110.45
51:25:3.119 5 7.247272 10.8137957 110.410935 37.015 272.1 -0.29 -0.19 3110.45
51:25:15.119 5 7.246772 10.8137954 110.4107297 36.9076 272.22 0.2 0.44 3110.431
51:25:27.119 5 7.245812 10.8138137 110.4105249 36.9647 272.13 -0.09 0 3110.417
51:25:39.119 5 7.24501 10.813823 110.4103199 37.0895 272.21 0.17 0.72 3110.443
51:25:51.119 5 7.24471 10.8138256 110.4101124 37.0757 272.29 0.04 -0.08 3110.461
51:26:3.119 5 7.244358 10.8138449 110.4099034 36.8833 272.41 -0.14 1.73 3110.458
51:26:15.119 5 7.244468 10.8138501 110.4096952 37.1104 273.02 -0.04 -1.61 3110.472
51:26:27.119 5 7.244614 10.8138752 110.4094861 37.1189 273.14 -0.03 0.62 3110.472
51:26:39.119 5 7.245056 10.8138684 110.4092776 37.1263 272.76 0 0.78 3110.45
51:26:51.119 5 7.244662 10.8138935 110.4090695 37.2757 272.58 0.12 -0.3 3110.483
51:27:3.119 5 7.244768 10.8139007 110.4088596 37.0527 272.44 0.01 -1.46 3110.475
51:27:15.119 5 7.244854 10.8139149 110.4086507 37.0719 272.33 -0.31 0.5 3110.482
51:27:27.119 5 7.245282 10.8139206 110.4084406 37.1138 272.65 -0.06 0.3 3110.465
51:27:39.119 5 7.245664 10.8139357 110.4082311 37.3139 272.86 0.35 -0.13 3110.494
51:27:51.119 5 7.246334 10.8139337 110.4080234 36.893 272.66 0.12 0.67 3110.45
51:28:3.119 5 7.246362 10.8139538 110.4078164 37.0757 272.32 0.06 0.33 3110.481
51:28:15.119 5 7.247212 10.8139622 110.4076087 36.7317 272.59 0.73 -0.24 3110.486
51:28:27.119 5 7.24758 10.813971 110.4074015 37.0354 272.5 0.41 0.4 3110.452
51:28:39.119 5 7.248574 10.8139712 110.407195 36.9796 272.68 -0.2 -0.15 3110.453
51:28:51.119 5 7.24935 10.8139889 110.4069893 36.9145 272.53 -0.03 -0.16 3110.487
51:29:3.119 5 7.250452 10.8139902 110.4067828 37.0536 272.2 -0.26 -0.01 3110.478
51:29:15.119 5 7.250968 10.8140027 110.4065785 37.0431 271.86 -0.02 -0.18 3110.468
51:29:27.119 5 7.252458 10.8140064 110.4063727 36.8725 272.13 0.37 0.87 3110.465
51:29:39.119 5 7.252674 10.8140158 110.4061666 37.0566 271.98 -0.16 -0.73 3110.474
51:29:51.119 5 7.253828 10.8140127 110.4059601 36.9122 272.07 0.16 1.41 3110.474
51:30:3.119 5 7.254924 10.8140184 110.4057527 36.9647 272.57 0.17 -0.43 3110.509
51:30:15.119 5 7.25642 10.8140232 110.4055474 36.8676 272.78 -0.05 0.53 3110.466
51:30:27.119 5 7.257636 10.8140241 110.4053417 37.2169 272.56 -0.09 -0.15 3110.475
51:30:39.119 5 7.259158 10.8140332 110.405134 37.0064 272.31 -0.02 -1 3110.483
51:30:51.119 5 7.260792 10.8140369 110.4049247 37.2453 272.31 0.29 1.07 3110.467
51:31:3.119 5 7.262312 10.8140381 110.4047124 37.0704 272.1 0.14 0.95 3110.465
51:31:15.119 5 7.263424 10.8140434 110.4044999 37.2539 272.18 0.28 -1.22 3110.438
51:31:27.119 5 7.265152 10.8140429 110.404287 36.9697 271.76 0.28 1.04 3110.441
51:31:39.119 5 7.266684 10.8140407 110.404076 37.2082 271.63 0.63 0.16 3110.48
51:31:51.119 5 7.267776 10.8140456 110.4038652 37.2766 270.75 0.02 -0.17 3110.514
51:32:3.119 5 7.269102 10.8140426 110.4036541 37.2835 270.37 -0.65 -1.78 3110.49
51:32:15.119 5 7.27105 10.8140452 110.4034404 37.2901 270.57 0.31 1.41 3110.497
51:32:27.119 5 7.272394 10.8140309 110.4032276 37.2935 270.18 0.17 -0.43 3110.489
51:32:51.119 5 7.275496 10.8140328 110.4028016 37.3367 270.19 -0.03 -2.35 3110.51
51:33:3.119 5 7.277726 10.8140192 110.4025894 37.2412 269.51 0.3 2.49 3110.464
51:33:15.119 5 7.2786 10.8140133 110.4023756 37.3893 268.4 -0.14 -1.51 3110.454
51:33:27.119 5 7.27968 10.8140196 110.402163 37.217 267.47 -0.4 -0.44 3110.484
51:33:39.119 5 7.280696 10.8139955 110.4019525 37.4374 266.19 0.1 2.18 3110.47
51:33:51.119 5 7.280506 10.8139877 110.4017407 37.3536 265.4 0.42 -0.9 3110.476
51:34:3.119 5 7.27978 10.8139728 110.4015311 37.1624 263.89 -0.33 -0.91 3110.496
51:34:15.119 5 7.279652 10.813945 110.4013226 37.2568 263.54 -0.18 0.99 3110.465
51:34:27.119 5 7.278682 10.8139237 110.4011158 37.6156 263.04 0.29 -1.04 3110.473
51:34:39.119 5 7.277508 10.8138925 110.4009109 37.6729 262.38 0.34 0.89 3110.464
51:34:51.119 5 7.276362 10.8138481 110.4007066 37.3288 261.74 0.15 0.89 3110.468
51:35:3.119 5 7.274644 10.8138214 110.400501 37.6543 260.82 0.44 0 3110.485
51:35:15.119 5 7.272796 10.8137781 110.4002966 37.5508 260.39 -0.21 -0.57 3110.492
51:35:27.119 5 7.271314 10.8137364 110.4000927 37.3852 260.25 -0.2 0.82 3110.491
51:35:39.119 5 7.269754 10.813695 110.3998869 37.562 260.53 0.14 0.1 3110.477
51:35:51.119 5 7.268528 10.8136476 110.3996846 37.574 260.93 0.22 -0.79 3110.472
51:36:3.119 5 7.267556 10.8136024 110.3994787 37.3472 260.96 0.05 0.79 3110.478
51:36:15.119 5 7.26692 10.8135543 110.3992726 37.4323 261.03 -0.36 0.54 3110.48
51:36:27.119 5 7.26656 10.8135164 110.3990637 37.7164 261.14 -0.07 0.07 3110.481
51:36:39.119 5 7.265948 10.8134706 110.3988554 37.7389 261.03 -0.04 0.18 3110.481
51:36:51.119 5 7.266456 10.8134279 110.3986462 37.3979 260.92 0.1 1.25 3110.427
51:37:3.119 5 7.26572 10.8133919 110.398439 37.7692 260.3 -0.56 -1.41 3110.456
51:37:15.119 5 7.266182 10.813351 110.3982297 37.3291 260.34 0.42 1.61 3110.414
51:37:27.119 5 7.265726 10.8133081 110.3980218 37.4014 260 0.07 -0.91 3110.425
51:37:39.119 5 7.265722 10.8132741 110.3978165 37.4134 259.7 0.15 0.85 3110.444
51:37:51.119 5 7.265894 10.8132189 110.397613 37.3929 259.99 0.08 0.16 3110.461
51:38:3.119 5 7.265932 10.813188 110.3974033 37.3084 260.17 0.14 -0.52 3110.435
51:38:15.119 5 7.266404 10.8131399 110.3971993 37.45 260.34 -0.35 -0.42 3110.439
51:38:27.119 5 7.267414 10.8130956 110.3969939 37.4767 260.31 0.34 2.1 3110.442
51:38:39.119 5 7.267516 10.8130504 110.3967888 37.5407 260.23 0.01 -1.17 3110.452
51:38:51.119 5 7.268728 10.8130162 110.3965808 37.1541 260.31 0.06 1.57 3110.443
51:39:3.119 5 7.269394 10.8129668 110.3963786 37.5164 260.1 0.45 0.6 3110.443
51:39:15.119 5 7.270184 10.812929 110.3961731 37.4898 259.99 -0.11 -1.89 3110.471
51:39:27.119 5 7.270908 10.8128909 110.3959671 37.3458 259.25 -0.07 1.34 3110.457
51:39:39.119 5 7.271746 10.8128321 110.3957655 37.4213 259.03 -0.6 -0.43 3110.438
51:39:51.119 5 7.272312 10.8128077 110.3955556 37.2786 259.12 0.09 -0.81 3110.435
51:40:3.119 5 7.273378 10.8127503 110.3953577 37.5011 259.16 -0.3 0.64 3110.446
51:40:15.119 5 7.274582 10.8127053 110.3951571 37.3188 259.06 0.32 0.7 3110.44
51:40:27.119 5 7.275044 10.8126613 110.3949557 37.6334 258.58 0.09 -0.72 3110.42
51:40:39.119 5 7.276298 10.8126144 110.3947543 37.5244 258.45 0.1 1.05 3110.461
51:40:51.119 5 7.277246 10.8125643 110.3945525 37.4768 258.1 0.08 0.29 3110.451
51:41:3.119 5 7.278276 10.8125132 110.3943509 37.3838 258.04 0.01 0.5 3110.447
51:41:15.119 5 7.279572 10.8124706 110.3941452 37.5479 258.01 0.15 -0.98 3110.438
51:41:39.119 5 7.281948 10.8123593 110.3937408 37.491 257.37 -0.18 -0.22 3110.442
51:41:51.119 5 7.283536 10.8123165 110.3935309 37.2235 257.4 0 0.31 3110.45
51:42:15.119 5 7.286946 10.8122051 110.3931201 37.6045 257.3 0.36 0.86 3110.444
51:42:27.119 5 7.2883 10.8121577 110.3929097 37.5882 257.1 -0.38 -1.49 3110.446
51:42:39.119 5 7.291118 10.8121045 110.3926988 37.525 257.26 -0.18 0.59 3110.447
51:42:51.119 5 7.293178 10.812049 110.3924903 37.825 256.54 0.52 0.96 3110.445
51:43:3.119 5 7.29532 10.8119941 110.3922835 37.4961 256.41 0.42 0.58 3110.445
51:43:15.119 5 7.297238 10.8119494 110.3920727 37.4984 256.07 0.28 -1.01 3110.446
51:43:27.119 5 7.299814 10.8118914 110.3918656 37.5672 255.39 0.74 2.03 3110.443
51:43:39.119 5 7.301222 10.8118326 110.3916621 37.891 254.49 0.04 -1.37 3110.458
51:43:51.119 5 7.303108 10.8117939 110.3914478 37.3325 254.1 0.31 0.66 3110.446
51:44:3.119 5 7.304444 10.8117214 110.3912479 37.4963 253.19 -0.38 -0.68 3110.454
51:44:15.119 5 7.306188 10.8116696 110.39104 37.4887 252.93 0.37 0.22 3110.486
51:44:27.119 5 7.307622 10.8116029 110.3908374 37.6597 252.77 0.33 -0.07 3110.45
51:44:39.119 5 7.30919 10.8115382 110.390634 37.418 252.9 0.13 0.59 3110.47
51:44:51.119 5 7.311042 10.8114726 110.3904276 37.3857 252.98 0.28 0.15 3110.452
51:45:3.119 5 7.312704 10.8114071 110.390223 37.6571 252.46 0.2 -0.06 3110.424
51:45:15.119 5 7.314234 10.8113404 110.3900161 37.4437 251.7 -0.06 0.12 3110.427
51:45:27.119 5 7.31554 10.8112745 110.3898103 37.4957 250.94 -0.15 0.16 3110.45
51:45:39.119 5 7.3168 10.8112022 110.3896039 37.5797 250.82 0 0.19 3110.45
51:45:51.119 5 7.31807 10.8111316 110.3893978 37.6239 250.4 0.09 0.53 3110.431
51:46:3.119 5 7.318808 10.8110572 110.389195 37.7914 249.54 0.06 -0.93 3110.417
51:46:15.119 5 7.319592 10.8109816 110.388989 37.593 248.13 -0.05 0.54 3110.443
51:46:27.119 5 7.31997 10.8108998 110.3887868 37.8485 246.63 -0.18 0.04 3110.461
51:46:39.119 5 7.319806 10.8108237 110.3885833 37.9127 245.1 0.31 -0.01 3110.458
51:46:51.119 5 7.318706 10.8107363 110.3883867 37.6771 243.1 0.53 0.94 3110.472
51:47:3.119 5 7.31679 10.8106484 110.3881914 37.4873 241.62 -0.01 -1.16 3110.472
51:47:15.119 5 7.314816 10.8105568 110.3880002 37.3661 240.82 0.06 0.3 3110.45
51:47:27.119 5 7.312354 10.8104518 110.3878187 37.5168 240.87 -0.52 -0.79 3110.483
51:47:39.119 5 7.31076 10.8103534 110.387631 37.2923 241.27 0.42 1.19 3110.475
51:47:51.119 5 7.308622 10.8102409 110.3874611 37.8446 241.43 0.26 -0.83 3110.482
51:48:15.119 5 7.30444 10.8100372 110.3871031 37.3878 240.45 0.11 0.48 3110.465
51:48:27.119 5 7.30209 10.8099368 110.3869265 37.5016 240.33 -0.35 -1.25 3110.494
51:48:39.119 5 7.3006 10.8098297 110.38675 37.4834 240.77 0.4 0.94 3110.45
51:48:51.119 5 7.298722 10.809717 110.3865777 37.4411 240.73 0.33 1.03 3110.481
51:49:3.119 5 7.29699 10.8096138 110.3864009 37.5495 240.55 0.13 0.06 3110.486
51:49:15.119 5 7.295158 10.8095075 110.3862238 37.5884 240.31 0.2 0.14 3110.452
51:49:27.119 5 7.293526 10.8093957 110.3860481 37.552 240.45 -0.65 0.26 3110.453
51:49:39.119 5 7.292248 10.8092907 110.3858652 37.3893 240.51 0.27 1.05 3110.487
51:49:51.119 5 7.290642 10.809179 110.3856914 37.6041 240.46 0.19 0.06 3110.478
51:50:3.119 5 7.289558 10.809073 110.3855138 37.6271 240.2 0.01 0.56 3110.468
51:50:15.119 5 7.288234 10.8089603 110.3853395 37.6507 240.19 0.24 0.46 3110.465
51:50:27.119 5 7.28645 10.8088564 110.3851563 37.4061 239.94 -0.02 -1.05 3110.474
51:50:39.119 5 7.285564 10.8087436 110.3849805 37.4942 240.05 -0.37 0.86 3110.474
51:50:51.119 5 7.284154 10.8086285 110.3848043 37.6563 240.11 0.14 0.42 3110.509
51:51:3.119 5 7.283 10.8085137 110.3846259 37.4862 240.16 -0.43 -0.77 3110.466
51:51:15.119 5 7.282102 10.8084002 110.3844434 37.5348 240.11 -0.25 0.54 3110.475
51:51:27.119 5 7.281482 10.8082798 110.3842664 37.5796 240.29 -0.07 0.46 3110.483
51:51:39.119 5 7.280562 10.8081704 110.3840796 37.4418 240.28 0.5 -0.68 3110.467
51:51:51.119 5 7.280116 10.8080499 110.3839006 37.4797 240.19 -0.22 0.41 3110.465
51:52:3.119 5 7.279794 10.8079343 110.3837183 37.565 240.3 0.37 -0.14 3110.438
51:52:15.119 5 7.279268 10.8078202 110.3835322 37.3601 240.15 -0.42 -0.45 3110.441
51:52:27.119 5 7.279362 10.8077003 110.3833512 37.2522 240.31 -0.35 0.41 3110.48
51:52:39.119 5 7.27923 10.8075835 110.3831659 37.3252 240.17 0.01 0.26 3110.514
51:52:51.119 5 7.278758 10.8074664 110.3829863 37.5947 239.88 -0.6 -0.26 3110.49
51:53:3.119 5 7.279324 10.8073494 110.3828019 37.3795 240.11 0.11 1.18 3110.497
51:53:15.119 5 7.278954 10.8072296 110.3826199 37.451 239.99 0.04 -0.27 3110.489
51:53:27.119 5 7.279374 10.807111 110.3824351 37.3737 240.15 0 -0.06 3110.51
51:53:39.119 5 7.27988 10.80699 110.3822517 37.7281 240.16 0.71 0.68 3110.464
51:53:51.119 5 7.279996 10.8068676 110.3820715 37.6867 239.97 0.58 0.53 3110.454
51:54:3.119 5 7.28021 10.8067498 110.381886 37.5076 239.85 0 -0.87 3110.484
51:54:15.119 5 7.280732 10.8066295 110.381702 37.3283 239.88 0.54 1.1 3110.47
51:54:27.119 5 7.281264 10.8065034 110.3815226 37.4488 239.96 0.1 -0.1 3110.476
51:54:39.119 5 7.281774 10.8063889 110.3813355 37.3421 239.88 0.29 -0.55 3110.496
51:54:51.119 5 7.28288 10.806258 110.3811586 37.321 240.26 -0.37 0.56 3110.465
51:55:3.119 5 7.284064 10.8061368 110.3809713 37.2592 240.51 0.24 0.51 3110.473
51:55:15.119 5 7.28497 10.8060153 110.3807892 37.4373 239.83 -0.26 0 3110.464
51:55:27.119 5 7.285888 10.8058956 110.3806088 37.5459 239.35 0.07 0.05 3110.468
51:55:39.119 5 7.287118 10.8057742 110.3804251 37.4125 239.37 -0.03 -0.01 3110.485
51:55:51.119 5 7.288372 10.8056494 110.3802464 37.6545 239.63 0.43 0.67 3110.492
51:56:3.119 5 7.289358 10.8055235 110.3800673 37.4507 239.83 -0.11 -0.11 3110.491
51:56:15.119 5 7.291074 10.8054015 110.3798869 37.3838 239.91 0.01 0.72 3110.477
51:56:27.119 5 7.292586 10.8052747 110.379709 37.4799 240.07 -0.15 -0.31 3110.472
51:56:39.119 5 7.294634 10.8051511 110.3795258 37.3093 240.35 0.21 0.54 3110.478
51:56:51.119 5 7.29665 10.8050263 110.3793434 37.3122 240.26 0.16 0.7 3110.48
51:57:15.119 5 7.301008 10.8047774 110.3789755 37.0651 240.13 0.2 0.27 3110.481
51:57:27.119 5 7.303832 10.8046495 110.3787926 37.2584 240.07 0.17 1.09 3110.481
51:57:39.119 5 7.306196 10.8045245 110.378607 37.3632 239.94 -0.1 -0.47 3110.427
51:57:51.119 5 7.308998 10.8043993 110.3784191 37.2228 239.88 0.1 0.14 3110.456
51:58:3.119 5 7.311912 10.8042689 110.3782352 37.2511 239.91 0.29 0.51 3110.414
51:58:15.119 5 7.314774 10.8041425 110.378048 37.1959 239.97 -0.14 0.36 3110.425
51:58:27.119 5 7.31758 10.8040169 110.377862 37.2342 239.93 -0.01 -0.62 3110.444
51:58:39.119 5 7.321222 10.8038862 110.3776794 37.1195 240.14 0.29 1.65 3110.461
51:58:51.119 5 7.324396 10.8037582 110.3774953 37.3053 239.95 0.06 -0.05 3110.435
51:59:3.119 5 7.327474 10.8036364 110.3773074 37.2475 238.65 0.26 -0.26 3110.439
51:59:15.119 5 7.330084 10.8035064 110.3771257 37.2173 236.82 0.25 0.74 3110.442
51:59:27.119 5 7.331954 10.8033795 110.3769456 37.2 235.72 -0.56 -0.75 3110.452
51:59:39.119 5 7.334246 10.803252 110.3767629 37.2084 235.38 0.43 0.98 3110.443
51:59:51.119 5 7.33605 10.8031113 110.3765929 37.4693 235.37 0.09 -0.37 3110.443
52:0:3.119 5 7.33828 10.8029724 110.3764201 37.1103 235.63 0.16 0.51 3110.471
52:0:15.119 5 7.34066 10.8028298 110.3762511 37.1616 236.21 -0.68 -0.16 3110.457
52:0:27.119 5 7.344114 10.8026969 110.3760719 37.2665 237.01 0.39 0.44 3110.438
52:0:51.119 5 7.349724 10.8024221 110.3757264 37.0966 234.3 0.05 0.22 3110.435
52:1:3.119 5 7.35151 10.8022872 110.3755472 37.0214 231.87 0.51 0.04 3110.446
52:1:15.119 5 7.352656 10.8021471 110.3753768 37.2415 229.7 0.12 -0.37 3110.44
52:1:27.119 5 7.353668 10.8020048 110.375205 37.2152 228.62 0.89 1.05 3110.42
52:1:39.119 5 7.3539 10.8018532 110.3750444 37.2076 228.07 0.2 0 3110.461
52:2:3.119 5 7.354694 10.8015441 110.3747266 36.9344 228.19 -0.12 0.14 3110.451
52:2:15.119 5 7.354966 10.801388 110.3745703 36.9535 228.39 -0.68 -0.7 3110.447
52:2:27.119 5 7.355772 10.8012317 110.3744146 37.8134 228.07 0.19 0.38 3110.438
52:2:39.119 5 7.35606 10.8010737 110.3742611 38.0038 226.71 0.37 -0.08 3110.442
52:2:51.119 5 7.355914 10.8009163 110.3741094 38.2427 225.82 -0.14 -0.06 3110.45
52:3:3.119 5 7.355986 10.8007575 110.3739562 38.1954 225.13 0.43 0.89 3110.444
52:3:15.119 5 7.355434 10.8005942 110.3738086 38.2583 224.45 -0.05 0.02 3110.446
52:3:27.119 5 7.354744 10.8004314 110.3736581 38.1091 224.29 -0.11 -0.51 3110.447
52:3:39.119 5 7.354832 10.8002633 110.3735117 38.0943 224.8 0.15 1.08 3110.445
52:3:51.119 5 7.35459 10.8000921 110.3733712 38.3616 224.7 0.26 0.38 3110.445
52:4:3.119 5 7.354526 10.7999257 110.3732244 38.1403 225 0.16 0 3110.446
52:4:15.119 5 7.354592 10.7997575 110.3730793 38.0634 225.42 0.06 -0.1 3110.443
52:4:27.119 5 7.355482 10.7995853 110.3729374 38.1371 225.84 0.5 0.65 3110.458
52:4:39.119 5 7.35626 10.7994179 110.3727917 38.533 225.78 0.45 0.27 3110.446
52:4:51.119 5 7.356976 10.7992481 110.3726444 38.3807 225.57 0.27 -0.04 3110.454
52:5:3.119 5 7.358308 10.7990782 110.3724936 38.1953 225.71 -0.06 0.36 3110.486
52:5:15.119 5 7.35962 10.7989088 110.3723401 38.2554 225.63 0.16 -0.04 3110.45
52:5:27.119 5 7.360736 10.7987378 110.3721916 39.0053 224.39 0 0.55 3110.47
52:5:39.119 5 7.361384 10.7985657 110.3720396 39.048 222.63 -0.35 0.53 3110.452
52:5:51.119 5 7.361602 10.7983946 110.3718865 39.0817 220.66 0.07 0.07 3110.424
52:6:3.119 5 7.361478 10.7982198 110.3717429 39.0684 219.81 -0.16 0.29 3110.427
52:6:15.119 5 7.361194 10.798045 110.3716017 38.9803 219.32 -0.01 0.41 3110.45
52:7:15.119 5 7.357742 10.7971467 110.3709463 39.1425 215.05 0.61 0.28 3110.45
52:7:27.119 5 7.35612 10.7969624 110.3708242 39.3389 214.46 0.18 0.03 3110.431
52:7:39.119 5 7.354518 10.7967769 110.3707018 39.1442 214.56 0.07 -0.11 3110.417
52:7:51.119 5 7.353094 10.7965871 110.3705832 39.2306 214.73 0.18 -0.15 3110.443
52:8:3.119 5 7.352066 10.7963931 110.3704674 39.2104 214.97 0.17 0.86 3110.461
52:8:15.119 5 7.350946 10.7962013 110.370347 39.3095 215.15 -0.01 0.3 3110.458
52:8:27.119 5 7.349816 10.7960068 110.3702252 39.1369 215.2 0.29 -0.75 3110.472
52:8:39.119 5 7.349174 10.7958105 110.3701039 39.1235 215.27 0.27 0.78 3110.472
52:8:51.119 5 7.348702 10.7956129 110.3699868 39.3472 215.36 0.23 0.38 3110.45
52:9:3.119 5 7.34792 10.7954183 110.3698614 39.4238 215.04 0.13 -0.61 3110.483
52:9:15.119 5 7.347424 10.795219 110.3697403 39.2987 214.83 0.15 -0.01 3110.475
52:9:27.119 5 7.34702 10.79502 110.369619 39.4287 215.01 -0.09 0.16 3110.482
52:9:39.119 5 7.346534 10.794822 110.3694973 39.4214 215.04 0 -0.01 3110.465
52:9:51.119 5 7.346116 10.7946215 110.3693792 39.2354 215.03 -0.03 0.18 3110.494
52:10:3.119 5 7.345972 10.7944226 110.3692597 39.2291 215.1 0.73 0.5 3110.45
52:10:15.119 5 7.345938 10.7942227 110.3691421 39.3301 215.19 0.21 0.25 3110.481
52:10:27.119 5 7.345566 10.7940243 110.3690239 39.3162 214.96 -0.26 -0.4 3110.486
52:10:39.119 5 7.345554 10.7938246 110.3689075 39.3466 214.01 0.16 -0.28 3110.452
52:10:51.119 5 7.345294 10.7936241 110.3687929 39.3635 213.3 0.49 0.51 3110.453
52:11:3.119 5 7.344754 10.7934242 110.3686779 39.3986 213.28 -0.5 0.24 3110.487
52:11:15.119 5 7.34431 10.7932237 110.3685615 39.1986 213.05 0.27 -1.14 3110.478
52:11:27.119 5 7.344052 10.7930225 110.3684567 39.4109 213 0 0.54 3110.468
52:11:39.119 5 7.343874 10.7928191 110.3683522 39.3058 213.24 -0.04 0.31 3110.465
52:11:51.119 5 7.343866 10.7926184 110.3682397 39.2727 213.6 -0.33 0.21 3110.474
52:12:15.119 5 7.34504 10.7922117 110.3680241 40.3054 213.97 0.14 0.5 3110.474
52:12:27.119 5 7.345846 10.7920083 110.367915 40.1736 213.91 -0.13 -0.52 3110.509
52:12:39.119 5 7.34676 10.7918077 110.3678013 40.13 213.86 -0.04 0.02 3110.466
52:12:51.119 5 7.34819 10.7916053 110.3676948 40.1862 213.64 0.19 0.72 3110.475
52:13:3.119 5 7.349394 10.7914072 110.3675804 40.0377 213.4 0.03 -0.31 3110.483
52:13:15.119 5 0.735784 10.7912087 110.3674681 40.0389 213.35 -0.5 -0.24 3110.467
52:13:27.119 5 7.352478 10.7910071 110.3673588 40.1428 213.3 0.48 0.12 3110.465
52:13:39.119 5 7.353954 10.7908086 110.3672496 40.212 212.97 0.05 -0.17 3110.438
52:13:51.119 5 7.355356 10.7906095 110.3671385 40.1105 211.6 0.31 0.05 3110.441
52:14:3.119 5 0.625306 10.7904087 110.36703 40.2398 210.36 0.09 -0.24 3110.48
52:14:15.119 5 7.357222 10.7902107 110.3669201 40.2003 209.65 0.1 -0.19 3110.514
52:14:39.119 5 7.358828 10.7898047 110.3667185 40.0999 209.18 0.25 0.88 3110.49
52:14:51.119 5 7.359454 10.7895976 110.3666221 40.1119 209.28 -0.09 0.04 3110.497
52:15:3.119 5 7.360814 10.7893909 110.3665201 40.0766 209.83 0.5 0.47 3110.489
52:15:15.119 5 7.362174 10.7891822 110.366426 40.3055 210.17 -0.44 0.53 3110.51
52:15:27.119 5 7.363724 10.7889729 110.3663266 40.0671 210.3 -0.15 -0.3 3110.464
52:15:39.119 5 7.36569 10.7887639 110.3662255 40.0186 210.58 -0.23 0.09 3110.454
52:15:51.119 5 7.367862 10.7885559 110.3661256 40.225 210.25 -0.01 0.38 3110.484
52:16:3.119 5 7.369424 10.7883452 110.366023 40.2026 208.83 0.01 -0.28 3110.47
52:16:15.119 5 7.370714 10.7881336 110.3659187 40.0465 207.63 0.37 -0.12 3110.476
52:16:27.119 5 7.371732 10.787921 110.365822 40.0365 206.99 -0.06 -0.26 3110.496
52:16:39.119 5 7.372596 10.787708 110.3657259 40.1723 205.94 0.35 0.6 3110.465
52:16:51.119 5 7.37325 10.7874896 110.3656375 40.109 204.91 0.39 0.65 3110.473
52:17:3.119 5 7.373162 10.7872729 110.3655462 40.1729 204.4 -0.24 -0.5 3110.464
52:17:15.119 5 7.373262 10.7870495 110.3654618 39.8638 204.16 -0.12 -0.23 3110.468
52:17:39.119 5 7.373436 10.786604 110.365303 40.2005 203.68 -0.15 -0.09 3110.485
52:17:51.119 5 7.372796 10.7863765 110.3652255 40.0087 202.09 -0.58 -0.05 3110.492
52:18:3.119 5 7.372184 10.7861479 110.36515 39.9317 200.86 0.3 0.32 3110.491
52:18:15.119 5 7.370822 10.7859212 110.3650764 40.0373 200.34 -0.11 -0.31 3110.477
52:18:27.119 5 7.369674 10.7856927 110.3650089 39.9988 200.08 0.39 0.1 3110.472
52:18:39.119 5 7.368294 10.7854598 110.36495 39.9395 200.07 -0.09 0.35 3110.478
52:18:51.119 5 7.367302 10.7852268 110.3648879 39.7468 200.48 -0.18 0.52 3110.48
52:19:3.119 5 7.366098 10.7849938 110.3648287 39.8361 200.64 -0.07 -0.4 3110.481
52:19:15.119 5 7.365524 10.7847593 110.3647706 39.8403 201 -0.14 0.79 3110.481
52:19:27.119 5 7.365332 10.7845269 110.3647131 39.9404 201.45 0.2 0.52 3110.427
52:19:39.119 5 7.364874 10.7842971 110.364652 40.0179 201.41 0.02 -0.26 3110.456
52:19:51.119 5 7.364828 10.7840651 110.3645953 39.9334 200.17 0.24 0.59 3110.414
52:20:3.119 5 7.364288 10.7838354 110.3645351 39.9043 198.7 0.25 0.77 3110.425
52:20:15.119 5 7.363334 10.783608 110.3644737 39.7908 198.06 0.08 -0.82 3110.444
52:20:27.119 5 7.36268 10.78338 110.3644172 39.7919 197.6 0.13 -0.09 3110.461
52:20:39.119 5 7.36196 10.7831501 110.3643708 39.8912 197.53 -0.3 0.99 3110.435
52:20:51.119 5 7.361532 10.7829219 110.3643184 39.6985 197.26 0.7 -0.01 3110.439
52:21:3.119 5 7.361044 10.7826943 110.3642681 39.832 197.32 0.12 0.55 3110.442
52:21:15.119 5 7.360776 10.7824642 110.3642209 39.6345 197.33 0.07 -0.21 3110.452
52:21:27.119 5 7.360892 10.7822375 110.3641717 40.033 197.47 -0.19 0.47 3110.443
52:21:39.119 5 7.361424 10.7820088 110.3641256 39.7307 197.61 0.2 -0.17 3110.443
52:21:51.119 5 7.362016 10.7817833 110.3640748 39.8568 197.46 0.06 -0.05 3110.471
52:22:3.119 5 7.362832 10.7815557 110.3640247 39.7578 197.35 0.11 0.05 3110.457
52:22:15.119 5 7.364248 10.7813285 110.3639721 39.7972 197.41 0.56 0.52 3110.438
52:22:27.119 5 7.365472 10.7811019 110.3639181 39.7217 197.43 0.15 0.67 3110.435
52:22:39.119 5 7.36693 10.7808705 110.3638668 39.3277 197.19 -0.12 0.48 3110.446
52:22:51.119 5 7.368328 10.7806423 110.363811 39.5179 197.14 -0.09 0.02 3110.44
52:23:3.119 5 7.369684 10.7804136 110.3637588 40.084 196.17 -0.12 0 3110.42
52:23:15.119 5 7.371416 10.7801827 110.3637092 40.1092 195.47 0.98 0.54 3110.461
52:23:39.119 5 7.373808 10.7797224 110.363607 39.9481 194.92 0.4 -0.27 3110.451
52:23:51.119 5 7.374696 10.7794922 110.3635615 40.2815 193.97 0.03 -0.1 3110.447
52:24:3.119 5 7.375698 10.7792613 110.3635179 40.1543 192.63 -0.01 0.64 3110.438
52:24:15.119 5 7.376036 10.7790291 110.3634734 40.164 192.03 0.1 -0.52 3110.442
52:24:27.119 5 7.37673 10.7787959 110.3634327 39.9883 191.77 0.15 0.23 3110.45
52:24:39.119 5 7.37743 10.778562 110.363401 40.0869 191.97 0.16 0.14 3110.444
52:24:51.119 5 7.37849 10.7783267 110.3633658 40.0241 192.43 0.21 -0.19 3110.446
52:25:15.119 5 7.381252 10.777854 110.3633001 39.9128 192.34 0.23 0.41 3110.447
52:25:27.119 5 7.382158 10.7776179 110.3632645 40.0107 191.17 -0.01 -0.2 3110.445
52:25:39.119 5 7.383258 10.7773809 110.3632269 39.7814 190.58 0.18 0.31 3110.445
52:25:51.119 5 7.384172 10.7771469 110.3631984 40.0237 190.11 0.12 -0.08 3110.446
52:26:3.119 5 7.385122 10.7769124 110.3631673 39.9936 190.18 0.1 -0.12 3110.443
52:26:15.119 5 7.386626 10.7766786 110.3631413 40.014 190.39 0.23 1.06 3110.458
52:26:27.119 5 7.38813 10.7764438 110.3631166 39.9062 190.67 0.07 0.41 3110.446
52:26:39.119 5 7.389496 10.7762094 110.3630855 39.8766 190.83 0.05 -1.62 3110.454
52:26:51.119 5 7.391756 10.7759732 110.3630588 40.0053 190.49 0.48 0.34 3110.486
52:27:3.119 5 7.393128 10.7757356 110.3630369 40.0648 188.9 0.24 0.01 3110.45
52:27:15.119 5 7.394058 10.7755002 110.3630037 39.9835 186.98 -0.65 0.16 3110.47
52:27:27.119 5 7.394448 10.7752634 110.3629802 39.8649 185.38 0.03 -0.16 3110.452
52:27:39.119 5 7.39442 10.7750263 110.3629596 39.7926 184.69 -0.41 0.47 3110.424
52:27:51.119 5 7.39439 10.7747926 110.3629514 39.8531 184.55 0.47 -0.6 3110.427
52:28:3.119 5 7.394638 10.7745612 110.362942 40.1296 185.21 -0.44 1.28 3110.45
52:28:15.119 5 7.394782 10.7743259 110.3629437 39.8158 185.24 -0.3 -0.34 3110.45
52:28:27.119 5 7.39529 10.77409 110.362933 39.9036 184.39 0.04 -0.48 3110.431
52:28:39.119 5 7.395756 10.7738553 110.3629325 40.0027 184.1 0.14 1.15 3110.417
52:28:51.119 5 7.39606 10.7736167 110.3629259 39.7881 183.72 0.26 -0.41 3110.443
52:29:3.119 5 7.396352 10.7733812 110.3629215 39.8689 183.63 0.09 -0.09 3110.461
52:29:15.119 5 7.396554 10.773145 110.362924 39.6919 183.18 -0.67 1.35 3110.458
52:29:27.119 5 7.396634 10.7729061 110.3629275 39.582 181.52 0.42 -0.08 3110.472
52:29:39.119 5 7.39613 10.7726757 110.3629214 39.9615 180.75 -0.32 0.47 3110.472
52:29:51.119 5 7.395546 10.7724407 110.3629308 39.7771 180.06 -0.23 -0.16 3110.45
52:30:3.119 5 7.394984 10.7722066 110.3629428 40.1224 179.72 0.31 -0.26 3110.483
52:30:15.119 5 7.394402 10.7719751 110.3629529 40.0311 179.92 0 0.02 3110.475
52:30:27.119 5 7.394098 10.7717454 110.3629712 39.7934 180.18 -0.04 -0.2 3110.482
52:30:39.119 5 7.394282 10.7715156 110.3629891 39.962 180.66 -0.08 1.16 3110.465
52:31:3.119 5 7.394444 10.7710547 110.3630142 39.9443 180.78 -0.46 -0.17 3110.494
52:31:15.119 5 7.394868 10.7708233 110.3630342 39.9313 179.7 0.34 -0.07 3110.45
52:31:27.119 5 7.394738 10.7705947 110.3630481 40.0727 178.79 -0.49 0.86 3110.481
52:31:39.119 5 7.394164 10.7703632 110.3630617 39.933 177.81 -0.04 -0.58 3110.486
52:31:51.119 5 7.393874 10.7701323 110.363082 39.818 177.35 0.5 -0.39 3110.452
52:32:3.119 5 7.393104 10.7699081 110.3631086 40.0504 176.84 -0.23 1.26 3110.453
52:32:15.119 5 7.392102 10.7696792 110.3631329 39.9057 175.74 0.18 -0.02 3110.487
52:32:27.119 5 7.391104 10.7694505 110.3631611 40.0375 175.5 -0.12 0.2 3110.478
52:32:39.119 5 7.39028 10.7692259 110.3631942 40.1301 175.53 -0.21 1.08 3110.468
52:33:3.119 5 7.388734 10.7687705 110.3632617 40.0442 175.41 0.07 -0.08 3110.465
52:33:15.119 5 7.388108 10.7685425 110.3633023 40.0869 174.26 0.76 -0.11 3110.474
52:33:27.119 5 7.387118 10.7683133 110.3633351 40.226 173.75 -0.07 0.51 3110.474
52:33:39.119 5 7.386046 10.7680828 110.3633749 39.9346 173.56 0.15 -0.43 3110.509
52:33:51.119 5 7.385248 10.7678536 110.3634128 40.0576 173.54 0 0.31 3110.466
52:34:3.119 5 7.384544 10.7676235 110.3634627 39.8976 173.57 -0.03 -0.07 3110.475
52:34:15.119 5 7.383902 10.767391 110.3634982 39.8823 173.12 -0.04 0.08 3110.483
52:34:27.119 5 7.382968 10.7671587 110.3635463 39.8867 171.74 -0.21 0.11 3110.467
52:34:39.119 5 7.382068 10.7669243 110.36359 40.1061 170.9 0.01 -0.33 3110.465
52:34:51.119 5 7.381048 10.7666905 110.3636363 40.0521 170.33 0.36 -0.45 3110.438
52:35:3.119 5 7.379984 10.7664553 110.3636867 39.9899 170.22 0.42 -0.47 3110.441
52:35:15.119 5 7.379098 10.7662217 110.3637403 40.2002 170.39 0.02 0.75 3110.48
52:35:27.119 5 7.37865 10.7659842 110.3637993 39.7774 170.38 0.29 -0.5 3110.514
52:35:39.119 5 7.378308 10.7657489 110.3638521 39.9822 170.77 0.23 0.84 3110.49
52:35:51.119 5 7.3779 10.7655103 110.3639056 39.8445 170.43 -0.26 -0.09 3110.497
52:36:3.119 5 7.377574 10.7652716 110.3639625 39.887 170.52 -0.11 -0.82 3110.489
52:36:15.119 5 7.377342 10.7650366 110.3640132 40.0384 169.4 -0.22 0.76 3110.51
52:36:27.119 5 7.376902 10.7647999 110.3640771 39.7178 168.45 0.87 0.66 3110.464
52:36:39.119 5 7.375732 10.7645621 110.3641245 39.4213 168.08 0.12 -1.05 3110.454
52:36:51.119 5 7.374886 10.7643305 110.3641885 39.3527 168.1 -0.33 0.3 3110.484
52:37:3.119 5 7.374356 10.764099 110.36426 39.338 168.1 0.61 -0.51 3110.47
52:37:15.119 5 7.373808 10.7638669 110.3643161 39.4821 168.84 -0.37 0.71 3110.476
52:37:27.119 5 7.373246 10.7636373 110.3643874 39.367 168.55 -0.13 0.21 3110.496
52:37:39.119 5 7.37292 10.7634029 110.364455 39.3176 168.45 0.14 -0.96 3110.465
52:37:51.119 5 7.372666 10.7631733 110.3645173 39.4876 167.34 -0.09 0.28 3110.473
52:38:3.119 5 7.372186 10.7629403 110.364591 39.2916 166.37 0.49 -0.24 3110.464
52:38:15.119 5 7.371504 10.7627081 110.3646484 39.4993 166.16 -0.14 0.43 3110.468
52:38:27.119 5 7.370638 10.7624772 110.3647271 39.4139 165.68 -0.46 0.49 3110.485
52:38:39.119 5 7.370218 10.7622448 110.364803 39.3674 165.23 0.48 0.22 3110.492
52:38:51.119 5 7.36971 10.7620144 110.3648746 39.5975 165.34 0.07 -0.2 3110.491
52:39:3.119 5 7.36912 10.7617827 110.3649507 39.3875 165.5 -0.33 0.05 3110.477
52:39:15.119 5 7.369058 10.7615514 110.3650335 39.2224 165.51 0.36 -0.67 3110.472
52:39:27.119 5 7.36912 10.7613201 110.3651125 39.3599 165.67 -0.02 0.84 3110.478
52:39:39.119 5 7.36934 10.7610887 110.3651919 39.2763 165.68 0.07 0.37 3110.48
52:39:51.119 5 7.369702 10.7608548 110.3652714 39.2129 165.77 -0.46 0.68 3110.481
52:40:3.119 5 7.369964 10.7606212 110.365349 39.2749 165.64 -0.77 0.52 3110.481
52:40:15.119 5 7.370526 10.7603876 110.3654272 39.2012 165.35 0.56 -0.55 3110.427
52:40:27.119 5 7.371522 10.7601585 110.3655043 39.4832 165.34 0.39 0.96 3110.456
52:40:39.119 5 7.372322 10.7599326 110.365584 39.6251 165.5 0.09 -0.17 3110.414
52:40:51.119 5 7.373262 10.7597014 110.3656584 39.31 165.53 -0.7 0.66 3110.425
52:41:3.119 5 7.374578 10.759474 110.3657445 39.2173 165.44 0.15 -0.14 3110.444
52:41:15.119 5 7.375868 10.7592463 110.3658148 39.6228 165.39 0.57 -0.63 3110.461
52:41:27.119 5 7.377456 10.759021 110.3658965 39.461 165.86 0.07 0.44 3110.435
52:41:39.119 5 7.379356 10.7587957 110.3659757 39.3137 165.98 -0.33 0.59 3110.439
52:41:51.119 5 7.38136 10.7585703 110.366054 39.3983 165.98 0.17 -0.22 3110.442
52:42:3.119 5 7.383402 10.758344 110.3661278 39.3004 165.08 -0.19 0.55 3110.452
52:42:15.119 5 7.385584 10.75812 110.3662083 39.2891 164.08 0.51 -0.18 3110.443
52:42:27.119 5 7.387644 10.7578938 110.3662787 39.4344 164 -0.08 0.73 3110.443
52:42:39.119 5 7.389466 10.7576687 110.3663578 39.2156 163.79 -0.33 -1.29 3110.471
52:42:51.119 5 7.39239 10.7574447 110.3664399 39.3846 163.6 0.38 1.46 3110.457
52:43:3.119 5 7.394694 10.7572212 110.3665243 39.3909 163.36 -0.19 0.44 3110.438
52:43:15.119 5 7.39652 10.7569931 110.3665947 39.379 161.67 0.95 -0.65 3110.435
52:43:27.119 5 7.39796 10.7567661 110.3666824 39.1297 160.46 -0.17 0.46 3110.446
52:43:39.119 5 7.39977 10.7565481 110.3667691 39.3471 160.23 0.02 0.24 3110.44
52:43:51.119 5 7.401656 10.7563266 110.3668538 39.4556 160.53 0 -0.03 3110.42
52:44:3.119 5 7.404076 10.7561068 110.3669462 39.3089 160.5 -0.15 0.43 3110.461
52:44:15.119 5 7.406416 10.7558854 110.3670388 39.42 160.27 -0.28 0.83 3110.451
52:44:27.119 5 7.408502 10.7556604 110.3671246 39.3942 159.04 -0.19 -0.53 3110.447
52:44:39.119 5 7.410676 10.7554364 110.3672163 39.3691 157.91 -0.51 0.68 3110.438
52:44:51.119 5 7.412918 10.7552138 110.3673115 39.4486 157.4 0.32 0.08 3110.442
52:45:3.119 5 7.414742 10.7549883 110.3674005 39.4177 156.99 0.08 0.04 3110.45
52:45:15.119 5 7.41674 10.7547681 110.3675044 39.2139 156.62 0.23 -0.17 3110.444
52:45:27.119 5 7.418606 10.7545458 110.3676017 38.7137 156.42 -0.01 0.43 3110.446
52:45:39.119 5 7.420182 10.7543251 110.3677043 38.8134 155.54 -0.32 -0.02 3110.447
52:45:51.119 5 7.421956 10.7541043 110.3678122 38.7805 155.29 -0.12 0.32 3110.445
52:46:3.119 5 7.423688 10.7538833 110.3679145 38.9696 155.14 0.61 -0.82 3110.445
52:46:15.119 5 7.425208 10.7536632 110.368021 38.7904 154.26 -0.17 0.69 3110.446
52:46:27.119 5 7.426548 10.7534474 110.3681364 38.7138 153.7 -0.32 0.24 3110.443
52:46:39.119 5 7.427576 10.753227 110.3682443 38.7421 153.04 -0.25 0.96 3110.458
52:46:51.119 5 7.428052 10.7530114 110.368359 38.595 151.43 -0.16 -0.23 3110.446
52:47:3.119 5 7.428074 10.752797 110.3684763 38.745 149.71 -0.18 1.01 3110.454
52:47:15.119 5 7.427584 10.7525866 110.3685993 38.8406 148.54 0.05 -0.62 3110.486
52:47:27.119 5 7.426606 10.7523778 110.3687271 38.8036 148.14 0.09 1.09 3110.45
52:47:39.119 5 7.425386 10.7521716 110.36886 38.609 148.16 -0.21 -0.28 3110.47
52:47:51.119 5 7.424204 10.7519719 110.3689976 38.9971 147.5 0 0.69 3110.452
52:48:3.119 5 7.422878 10.7517706 110.369139 38.6411 146.29 0.41 -0.54 3110.424
52:48:15.119 5 7.4215 10.7515724 110.3692755 38.9435 146.41 -0.14 0.26 3110.427
52:48:27.119 5 7.42019 10.7513731 110.3694158 38.668 146.13 -0.26 0.08 3110.45
52:48:39.119 5 7.41925 10.7511776 110.3695659 38.8098 146.09 0.52 0.12 3110.45
52:48:51.119 5 7.418226 10.7509791 110.3697085 39.0074 145.74 0 -0.28 3110.431
52:49:3.119 5 7.416926 10.7507813 110.3698533 38.9618 144.49 -0.12 0.05 3110.417
52:49:15.119 5 7.415612 10.7505839 110.3700037 38.792 143.48 0.02 0.01 3110.443
52:49:27.119 5 7.41428 10.7503871 110.3701508 38.8969 143.23 0.07 -0.57 3110.461
52:49:39.119 5 7.413116 10.7501904 110.3702992 39.054 143.19 -0.16 0.6 3110.458
52:49:51.119 5 7.41188 10.7499974 110.3704576 38.8494 143.38 0.21 -0.7 3110.472
52:50:3.119 5 7.41101 10.7497997 110.3706101 38.694 143.49 -0.04 -0.15 3110.472
52:50:15.119 5 7.410426 10.7496082 110.3707717 38.8875 143.51 -0.15 0.8 3110.45
52:50:27.119 5 7.409698 10.7494086 110.3709264 38.7727 143.43 0.2 -1.43 3110.483
52:50:39.119 5 7.409254 10.7492061 110.3710794 38.7883 142.37 0.02 1.28 3110.475
52:50:51.119 5 7.408338 10.7490104 110.371244 38.9221 141.07 0.43 -0.17 3110.482
52:51:3.119 5 7.407232 10.7488058 110.3713979 38.7956 140.33 0.18 -0.76 3110.465
52:51:15.119 5 7.40627 10.7486116 110.3715646 38.7436 140.28 0.08 0.68 3110.494
52:51:27.119 5 7.405378 10.7484152 110.3717273 38.9546 140.31 0.47 -0.21 3110.45
52:51:39.119 5 7.40464 10.74822 110.371894 39.1362 140.28 0.11 0.34 3110.481
52:51:51.119 5 7.40378 10.7480286 110.3720658 39.0357 139.44 0.3 -0.49 3110.486
52:52:3.119 5 7.40303 10.7478304 110.3722295 38.9514 138.91 0.21 0.69 3110.452
52:52:15.119 5 7.401782 10.7476393 110.3724048 38.9595 138.64 0.38 0.21 3110.453
52:52:27.119 5 7.400642 10.7474423 110.3725698 38.8646 138.45 0.16 -1.43 3110.487
52:52:39.119 5 7.399788 10.7472558 110.3727506 39.1974 137.94 0.36 0.8 3110.478
52:52:51.119 5 7.398252 10.7470632 110.3729255 38.903 136.89 -0.12 0.19 3110.468
52:53:3.119 5 7.396334 10.7468717 110.3731031 39.0679 135.47 0.27 -0.35 3110.465
52:53:15.119 5 7.394564 10.7466833 110.3732835 39.1327 134.86 0.3 0.09 3110.474
52:53:27.119 5 7.392726 10.7465004 110.3734716 39.2456 134.48 0.44 -0.09 3110.474
52:53:39.119 5 7.39005 10.7463147 110.373657 39.0057 134.61 -0.4 0.75 3110.509
52:53:51.119 5 7.38827 10.746136 110.3738499 39.0007 134.54 0.32 -0.34 3110.466
52:54:3.119 5 7.386382 10.7459585 110.3740425 39.1461 134.15 0.11 -0.04 3110.475
52:54:15.119 5 7.384368 10.7457766 110.3742314 38.8768 133.79 0.41 0.06 3110.483
52:54:27.119 5 7.382614 10.7455991 110.3744262 38.9579 133.35 0.37 -0.29 3110.467
52:54:39.119 5 7.380754 10.7454219 110.3746195 39.2405 133.48 0.16 0.45 3110.465
52:54:51.119 5 7.379622 10.7452441 110.3748116 39.1352 133.57 0.58 0.18 3110.438
52:55:3.119 5 7.378134 10.745073 110.3750081 39.3529 134.01 -0.23 0.24 3110.441
52:55:15.119 5 7.376844 10.7448956 110.3752007 38.8608 133.97 0.26 -0.67 3110.48
52:55:27.119 5 7.375724 10.744724 110.3753976 38.9809 133.98 -0.05 1.43 3110.514
52:55:39.119 5 7.374036 10.7445495 110.3755938 38.8155 133.97 -0.17 -0.7 3110.49
52:55:51.119 5 7.372932 10.7443724 110.375785 38.9814 133.94 0.23 -1.82 3110.497
52:56:3.119 5 7.371818 10.7442045 110.3759859 39.2739 134 -0.34 1.6 3110.489
52:56:15.119 5 7.37016 10.7440318 110.3761866 38.7373 133.59 0.13 -1.17 3110.51
52:56:27.119 5 7.369244 10.7438575 110.3763847 39.0869 133.54 0.02 1.62 3110.464
52:56:39.119 5 7.368554 10.743695 110.3765927 39.381 133.96 0.66 -1.87 3110.454
52:56:51.119 5 7.368414 10.7435164 110.3767857 39.3154 134.39 0.14 1.73 3110.484
52:57:3.119 5 7.368522 10.7433528 110.376994 38.8568 134.42 0.21 -1.42 3110.47
52:57:15.119 5 7.369448 10.7431757 110.3771858 39.2945 134.35 0.15 1.12 3110.476
52:57:27.119 5 7.370238 10.7430068 110.3773867 38.9402 134.17 0.16 -1.32 3110.496
52:57:39.119 5 7.371482 10.7428252 110.3775735 39.0844 133.75 0.2 0.44 3110.465
52:57:51.119 5 7.373448 10.7426576 110.3777736 39.259 133.8 0.04 0.86 3110.473
52:58:3.119 5 7.375428 10.7424801 110.3779651 39.383 133.63 -0.02 0.59 3110.464
52:58:15.119 5 7.37748 10.7423014 110.3781548 39.0518 133.57 0.2 -0.97 3110.468
52:58:27.119 5 7.380122 10.7421242 110.3783442 38.8397 133.51 0.06 0.71 3110.485
52:58:39.119 5 7.382658 10.7419534 110.3785381 38.9808 133.36 0 -0.04 3110.492
52:58:51.119 5 7.385286 10.7417694 110.3787195 38.9448 133.02 -0.28 -0.2 3110.491
52:59:3.119 5 7.38857 10.7416001 110.3789152 39.196 132.51 0.28 0.86 3110.477
52:59:15.119 5 7.390546 10.7414186 110.3791004 39.5468 131.11 -0.14 -1.23 3110.472
52:59:27.119 5 7.393008 10.741242 110.3792868 39.2593 130.39 0.27 0.8 3110.478
52:59:39.119 5 7.394718 10.7410781 110.3794838 39.6262 129.68 0.21 0.1 3110.48
52:59:51.119 5 7.396714 10.7409032 110.3796715 39.7689 129.52 0.29 0.08 3110.481
53:0:3.119 5 7.398428 10.7407404 110.3798712 39.4798 129.71 0.07 -0.25 3110.481
53:0:15.119 5 7.400704 10.7405771 110.3800701 39.1678 130.19 -0.2 -0.86 3110.427
53:0:27.119 5 7.403092 10.7404187 110.3802649 39.4011 130.57 -0.02 1.44 3110.456
53:0:39.119 5 7.405622 10.7402556 110.3804644 39.0422 131.01 0.3 -0.82 3110.414
53:0:51.119 5 7.408444 10.7400914 110.38066 39.2247 130.57 0.29 -0.17 3110.425
53:1:3.119 5 7.41127 10.7399294 110.3808577 39.3902 130.1 -0.28 2.13 3110.444
53:1:15.119 5 7.413998 10.7397676 110.3810578 39.3433 129.67 0.23 -1.93 3110.461
53:1:27.119 5 7.416758 10.7395998 110.3812491 39.4916 129.27 -0.14 1.33 3110.435
53:1:39.119 5 7.419836 10.7394478 110.3814546 38.9889 128.5 0.17 0.72 3110.439
53:1:51.119 5 7.422216 10.7392835 110.3816492 39.4953 127.09 0 -0.74 3110.442
53:2:3.119 5 7.4248 10.7391217 110.3818456 39.2748 125.72 0.01 1.73 3110.452
53:2:15.119 5 7.42617 10.7389675 110.3820491 39.0342 125.06 -0.07 -1.58 3110.443
53:2:27.119 5 7.42861 10.7388116 110.3822498 39.073 124.66 0.44 0.32 3110.443
53:2:39.119 5 7.430708 10.738673 110.3824612 38.8344 124.13 0.02 1.27 3110.471
53:2:51.119 5 7.432426 10.7385169 110.3826591 38.9108 123.86 0.22 -2.07 3110.457
53:3:3.119 5 7.435086 10.7383702 110.3828634 39.0165 123.46 -0.08 2.36 3110.438
53:3:15.119 5 7.437392 10.7382378 110.38308 38.9306 123.65 0.39 0 3110.435
53:3:27.119 5 7.44011 10.7380763 110.3832732 38.9917 123.5 0 -0.04 3110.446
53:3:39.119 5 7.442788 10.7379442 110.3834879 39.0947 123.72 0.15 -0.79 3110.44
53:3:51.119 5 7.445168 10.7377875 110.3836864 38.6822 123.69 0 -0.21 3110.42
53:4:3.119 5 7.448368 10.7376534 110.3839005 38.3957 123.92 0.18 -0.33 3110.461
53:4:15.119 5 7.451098 10.7375083 110.3841061 38.7007 123.07 0.21 0.27 3110.451
53:4:27.119 5 7.453394 10.7373657 110.3843146 38.702 121.43 0.12 -1.27 3110.447
53:4:39.119 5 7.455626 10.7372214 110.3845218 38.8832 119.28 0.12 1.8 3110.438
53:4:51.119 5 7.456376 10.7370856 110.3847338 38.798 110.92 0.24 -0.2 3110.442
53:5:3.119 5 7.456728 10.7369432 110.3849427 38.8146 115.25 0.02 -0.32 3110.45
53:5:15.119 5 7.456114 10.736825 110.3851629 38.9408 113.44 0.07 -0.3 3110.444
53:5:27.119 5 7.454878 10.7367004 110.3853813 38.6019 111.51 0.32 0.01 3110.446
53:5:39.119 5 7.453782 10.7365933 110.3856055 38.7421 110.67 0.3 0.36 3110.447
53:5:51.119 5 7.451644 10.7364837 110.3858303 39.3154 109.96 0.18 -0.38 3110.445
53:6:3.119 5 7.450238 10.7363824 110.3860575 39.1107 110.07 0.01 0.98 3110.445
53:6:15.119 5 7.44902 10.7362908 110.3862876 39.4228 110.38 0.25 1.08 3110.446
53:6:27.119 5 7.447302 10.736186 110.3865139 39.1794 110.97 0.34 -2.16 3110.443
53:6:39.119 5 7.44725 10.7360917 110.3867456 39.1986 111.39 0.15 0.68 3110.458
53:6:51.119 5 7.446538 10.7360001 110.3869801 39.2077 111.63 0.19 0.61 3110.446
53:7:3.119 5 7.445628 10.7358848 110.3872067 39.0223 111.77 0.27 -3.32 3110.454
53:7:15.119 5 7.446206 10.7357892 110.387443 39.1892 111.68 0.34 2.81 3110.486
53:7:27.119 5 7.445568 10.7356968 110.3876827 39.2609 111.16 0.33 0.31 3110.45
53:7:39.119 5 7.445032 10.7355734 110.3879094 39.2783 110.88 -0.33 -1.35 3110.47
53:7:51.119 5 7.444638 10.7354818 110.3881503 39.3062 110.34 0.13 1.75 3110.452
53:8:3.119 5 7.442954 10.7353818 110.3883881 38.9828 110.02 0.04 -3.11 3110.424
53:8:15.119 5 7.443326 10.7352813 110.3886257 39.2511 109.44 0.09 3.29 3110.427
53:8:27.119 5 7.44032 10.7351982 110.3888705 39.3593 107.8 0.55 -2.04 3110.45
53:8:39.119 5 7.438902 10.7350831 110.3891055 38.8533 106.41 -0.2 0.12 3110.45
53:8:51.119 5 7.435796 10.7350259 110.3893611 39.3711 104.41 0.03 -0.14 3110.431
53:9:3.119 5 7.433108 10.7349222 110.3896023 38.7533 104.2 0.32 1.34 3110.417
53:9:27.119 5 7.427152 10.7347831 110.3900942 39.2331 104.25 0.32 -2.99 3110.443
53:9:39.119 5 7.426746 10.7347156 110.3903408 39.1898 105.09 0.49 3.14 3110.461
53:9:51.119 5 7.424054 10.7346565 110.3905882 39.4373 105.06 -0.15 -2.33 3110.458
53:10:15.119 5 7.42263 10.7345057 110.3910787 39.3016 103.3 -0.22 3.76 3110.472
53:10:27.119 5 7.419294 10.7344227 110.3913215 39.1522 101.56 -0.02 -3.63 3110.472
53:10:39.119 5 7.418174 10.734332 110.3915608 38.8656 100.71 0.37 0.95 3110.45
53:10:51.119 5 7.416298 10.73429 110.3918102 39.5108 100.07 -0.05 0.38 3110.483
53:11:3.119 5 7.41326 10.7342059 110.3920521 39.2082 99.75 -0.08 -2.34 3110.475
53:11:15.119 5 7.411452 10.734141 110.3922984 38.9375 99.52 0.19 1.22 3110.482
53:11:27.119 5 7.40845 10.7340965 110.3925465 39.492 99.43 0 -0.95 3110.465
53:11:39.119 5 7.406264 10.7340242 110.3927941 39.3043 98.73 -0.29 0.37 3110.494
53:11:51.119 5 7.402846 10.7339751 110.3930457 39.2978 97.91 0.35 -0.41 3110.45
53:12:3.119 5 7.399504 10.7339128 110.3932966 38.9399 97.31 0.08 -1.63 3110.481
53:12:27.119 5 7.393194 10.7338217 110.3938022 39.1938 96.03 0.05 -1.6 3110.486
53:12:39.119 5 7.3896 10.7337667 110.3940562 39.0988 95.66 0.27 -0.91 3110.452
53:12:51.119 5 7.386958 10.7337363 110.3943092 39.0633 95.68 0.32 0.86 3110.453
53:13:3.119 5 7.383994 10.7336905 110.394562 39.258 95.8 -0.3 -0.41 3110.487
53:13:15.119 5 7.381564 10.733645 110.3948153 39.0877 96.31 0.4 1.21 3110.478
53:13:27.119 5 7.378252 10.7336032 110.3950685 39.0335 96.04 -0.36 -3.2 3110.468
53:13:39.119 5 7.377732 10.7335638 110.3953226 39.2444 96.4 0.2 4.44 3110.465
53:13:51.119 5 7.374394 10.7335287 110.3955752 39.326 96.11 0.37 -3.65 3110.474
53:14:3.119 5 7.37291 10.7334616 110.3958247 38.9328 96.23 -0.31 -1.07 3110.474
53:14:15.119 5 7.37209 10.7334456 110.3960804 39.1889 96.37 0.24 3.98 3110.509
53:14:27.119 5 7.369402 10.7333881 110.3963301 39.0631 95.99 0.35 -3.4 3110.466
53:14:39.119 5 7.36797 10.7333378 110.3965798 39.2342 95.71 -0.34 0.3 3110.475
53:14:51.119 5 7.367254 10.7333195 110.3968348 39.0912 95.51 0.11 3.51 3110.483
53:15:3.119 5 7.364242 10.7332589 110.3970833 39.2475 95.49 0.01 -4.71 3110.467
53:15:15.119 5 7.363542 10.7332129 110.3973349 38.935 95.48 0.29 0.31 3110.465
53:15:27.119 5 7.362204 10.7332018 110.3975901 38.9707 95.22 0.18 1.47 3110.438
53:15:39.119 5 7.36081 10.7331435 110.3978398 39.117 95.53 0.21 -1.78 3110.441
53:15:51.119 5 7.360198 10.7331066 110.3980921 39.1051 95.57 -0.17 -0.14 3110.48
53:16:15.119 5 7.3591 10.73303 110.3985952 38.8626 95.05 0.07 -2.54 3110.514
53:16:27.119 5 7.359202 10.7329875 110.3988478 39.0722 94.04 0.24 1.63 3110.49
53:16:39.119 5 7.357438 10.7329626 110.3991023 38.7961 93.13 0.33 -1.92 3110.497
53:16:51.119 5 7.35777 10.7329087 110.399354 38.5355 93.29 -0.5 1.94 3110.489
53:17:3.119 5 7.356358 10.7328929 110.3996059 38.9598 93.12 -0.04 -0.95 3110.51
53:17:15.119 5 7.356706 10.7328399 110.3998578 38.4321 93.45 0.09 0.09 3110.464
53:17:27.119 5 7.35722 10.7328263 110.4001094 38.8801 93.9 0.47 0.94 3110.454
53:17:39.119 5 7.357516 10.7327788 110.4003602 38.7764 94.02 -0.27 -2.02 3110.484
53:17:51.119 5 7.35862 10.7327496 110.4006133 38.6118 93.83 -0.18 1.36 3110.47
53:18:3.119 5 7.35941 10.7327125 110.4008646 38.6144 93.92 0.09 -0.33 3110.476
53:18:15.119 5 7.359982 10.7326691 110.4011158 38.7893 93.47 0.41 -0.56 3110.496
53:18:27.119 5 7.36114 10.7326365 110.4013682 38.5787 93.58 0 0.95 3110.465
53:18:39.119 5 7.3611 10.732606 110.4016206 38.7644 93.09 0.05 -1.15 3110.473
53:18:51.119 5 7.36282 10.7325656 110.4018757 38.4416 93.64 0.02 2.56 3110.464
53:19:3.119 5 7.363474 10.7325449 110.4021286 38.7492 93.47 0.03 -2.02 3110.468
53:19:15.119 5 7.364786 10.7324998 110.4023846 38.6828 92.51 0.04 0.09 3110.485
53:19:27.119 5 7.36593 10.7324801 110.4026394 38.4954 91.58 -0.26 0.1 3110.492
53:19:39.119 5 7.366862 10.7324422 110.4028961 38.4725 90.94 0 -0.74 3110.491
53:20:3.119 5 7.369528 10.7323862 110.4034024 38.6156 90.79 0.09 0.05 3110.477
53:20:15.119 5 7.37064 10.7323565 110.4036565 38.664 90.7 -0.12 -0.74 3110.472
53:20:27.119 5 7.372572 10.7323315 110.403911 38.6003 91.09 -0.17 1.51 3110.478
53:20:39.119 5 7.374158 10.7323092 110.4041645 38.6049 90.91 0.13 -0.93 3110.48
53:20:51.119 5 7.375552 10.7322763 110.4044185 38.7112 90.25 0.31 -0.83 3110.481
53:21:3.119 5 7.376438 10.7322576 110.404674 38.4655 88.27 -0.25 0.08 3110.481
53:21:15.119 5 7.376604 10.7322377 110.4049293 38.626 86.22 0.17 0.67 3110.427
53:21:51.119 5 7.373148 10.7322119 110.4056924 38.4813 84.45 0 0.11 3110.456
53:22:3.119 5 7.372434 10.7322187 110.4059446 38.5938 85.26 0.1 0.55 3110.414
53:22:15.119 5 7.371196 10.73222 110.4061972 38.5106 85.38 0.18 -2.72 3110.425
53:22:27.119 5 7.371936 10.7322312 110.4064511 38.588 85.95 -0.28 2.15 3110.444
53:22:39.119 5 7.371302 10.7322397 110.4067054 38.6326 85.18 0.67 -1.75 3110.461
53:22:51.119 5 7.371162 10.7322269 110.4069629 38.3804 83.55 -0.14 0.17 3110.435
53:23:3.119 5 7.37053 10.73225 110.4072183 38.4948 81.66 0.53 0.65 3110.439
53:23:15.119 5 7.369166 10.7322419 110.407474 38.6027 80.22 -0.18 -0.38 3110.442
53:23:27.119 5 7.368562 10.7322569 110.4077268 38.5141 80.01 0.11 2.04 3110.452
53:23:39.119 5 7.366758 10.7322701 110.4079768 38.6265 79.63 -0.03 -0.94 3110.443
53:23:51.119 5 7.365964 10.732288 110.408226 38.5554 80.07 0.42 0.32 3110.443
53:24:3.119 5 7.365134 10.7323089 110.4084731 38.4742 80.16 0.06 0.61 3110.471
53:24:15.119 5 7.36396 10.7323304 110.4087233 38.6997 80.23 0.3 -0.82 3110.457
53:24:27.119 5 7.363484 10.7323472 110.4089748 38.6618 80.57 -0.03 0.65 3110.438
53:24:39.119 5 7.362764 10.7323765 110.4092266 38.6984 80.58 0.07 0.05 3110.435
53:24:51.119 5 7.362066 10.7323938 110.4094838 38.5388 80.72 0.07 -1.29 3110.446
53:25:3.119 5 7.361676 10.732419 110.4097401 38.6198 80.78 0.43 -0.28 3110.44
53:25:15.119 5 7.36158 10.7324451 110.409999 38.6305 80.46 -0.12 0.92 3110.42
53:25:27.119 5 7.36078 10.7324701 110.4102611 38.7449 78.81 0.79 -0.18 3110.461
53:25:39.119 5 7.359352 10.7324854 110.4105242 38.4485 76.52 -0.07 -0.95 3110.451
53:25:51.119 5 7.358596 10.7325236 110.4107863 38.6802 75.78 0.15 2.06 3110.447
53:26:3.119 5 7.35646 10.7325499 110.4110489 38.7341 74.77 -0.16 -1.58 3110.438
53:26:15.119 5 7.355334 10.732586 110.4113098 38.6461 74.51 0.56 0.17 3110.442
53:26:27.119 5 7.353362 10.7326311 110.4115658 38.6913 73.08 0.26 -1.19 3110.45
53:26:39.119 5 7.351818 10.7326724 110.4118237 38.6133 71.49 0.07 1.1 3110.444
53:26:51.119 5 7.349744 10.732719 110.4120793 38.7563 70.29 -0.18 -0.34 3110.446
53:27:3.119 5 7.347226 10.7327532 110.4123373 38.8485 69.6 -0.27 -0.95 3110.447
53:27:15.119 5 7.344992 10.7328066 110.4125891 38.6673 69.82 0.56 -0.38 3110.445
53:27:39.119 5 7.340806 10.7329217 110.4130874 38.6756 69.94 0.29 2.4 3110.445
53:27:51.119 5 7.337824 10.7329712 110.4133368 38.9415 70.13 0.03 -2.76 3110.446
53:28:3.119 5 7.335778 10.7330274 110.4135861 38.8846 70.31 0.25 0.32 3110.443
53:28:15.119 5 7.334626 10.7331018 110.4138301 38.6286 70.74 0.05 2.82 3110.458
53:28:27.119 5 7.33253 10.7331487 110.414083 38.9818 70.8 0.13 -2.18 3110.446
53:28:39.119 5 7.330808 10.7331997 110.4143359 38.7488 70.85 -0.21 -1.14 3110.454
53:28:51.119 5 7.33051 10.7332738 110.4145806 38.6759 71.13 0.1 2.35 3110.486
53:29:3.119 5 7.329634 10.7333248 110.4148319 39.1063 71.45 0.32 -1.09 3110.45
53:29:15.119 5 7.329726 10.7333715 110.4150847 38.9508 71.85 0.19 -0.66 3110.47
53:29:27.119 5 7.330442 10.7334404 110.4153295 38.8093 71.71 0.38 1.31 3110.452
53:29:39.119 5 7.331426 10.7334857 110.4155813 38.7313 71.04 0.03 1.74 3110.424
53:29:51.119 5 7.331288 10.7335279 110.4158336 38.8053 68.91 0.08 -1.25 3110.427
53:30:3.119 5 7.330248 10.7335713 110.4160834 38.9034 66.15 -0.06 -0.96 3110.45
53:30:15.119 5 7.329178 10.7336291 110.4163278 38.7914 64.34 -0.55 1.82 3110.45
53:30:39.119 5 7.324482 10.7337475 110.4168114 38.8647 62.95 -0.07 1.51 3110.431
53:30:51.119 5 7.32145 10.7338326 110.4170414 38.798 63.03 -0.26 -0.47 3110.417
53:31:3.119 5 7.31919 10.7339015 110.4172797 38.6989 64.06 0.25 0.21 3110.443
53:31:15.119 5 7.316882 10.7339866 110.4175086 38.8568 64.67 0.11 -0.36 3110.461
53:31:27.119 5 7.315128 10.7340673 110.4177429 38.7969 65.32 -0.09 -0.07 3110.458
53:31:39.119 5 7.314058 10.7341474 110.4179785 38.7671 66.13 -0.1 0.03 3110.472
53:31:51.119 5 7.31297 10.7342233 110.4182177 38.7342 66.22 0.43 -2.11 3110.472
53:32:3.119 5 7.313148 10.7342999 110.4184579 38.5476 66.19 -0.16 1.34 3110.45
53:32:27.119 5 7.31342 10.7344382 110.4189443 38.6702 65.82 0.03 -1.82 3110.483
53:32:39.119 5 7.314376 10.7345102 110.4191842 38.6552 65.47 0.29 0.27 3110.475
53:33:3.119 5 7.316058 10.7346473 110.4196668 38.6616 65.23 0 0.75 3110.482
53:33:15.119 5 7.316664 10.7347177 110.4199044 38.8895 65.05 0.15 -1.44 3110.465
53:33:27.119 5 7.317598 10.7347819 110.4201468 38.6256 64.07 0.11 -0.4 3110.494
53:33:51.119 5 7.318462 10.7349225 110.4206225 38.6938 60.63 -0.13 0.27 3110.45
53:34:3.119 5 7.317438 10.7349904 110.4208608 38.7022 59.56 0.51 -2.47 3110.481
53:34:15.119 5 7.317066 10.7350738 110.4210909 38.4888 58.79 0.18 1 3110.486
53:34:27.119 5 7.31585 10.7351636 110.4213153 38.5859 58.6 0.38 -0.29 3110.452
53:34:39.119 5 7.314884 10.7352373 110.4215477 38.6649 58.79 0.07 -0.36 3110.453
53:34:51.119 5 7.314352 10.7353328 110.4217665 38.7206 59.1 -0.23 1.07 3110.487
53:35:3.119 5 7.313318 10.7354216 110.4219899 38.7444 59.67 0.6 -1.96 3110.478
53:35:15.119 5 7.313364 10.7355081 110.4222153 38.7252 60.21 0.05 1.41 3110.468
53:35:39.119 5 7.313288 10.7356905 110.4226647 38.563 60.61 -0.18 -0.81 3110.465
53:35:51.119 5 7.313112 10.7357826 110.4228902 38.4806 60.19 0 -0.53 3110.474
53:36:3.119 5 7.313694 10.7358739 110.4231172 38.4052 60.13 0.35 1.24 3110.474
53:36:15.119 5 7.31358 10.7359649 110.4233461 38.6439 59.79 0.24 -0.27 3110.509
53:36:27.119 5 7.314026 10.7360527 110.4235793 38.5375 59.59 0.03 0.38 3110.466
53:36:39.119 5 7.313754 10.7361521 110.423807 38.5707 58.08 0.29 -0.37 3110.475
53:36:51.119 5 7.313064 10.736242 110.4240405 38.4931 56.19 0.41 -0.38 3110.483
53:37:3.119 5 7.312248 10.7363463 110.4242668 38.4959 54.86 -0.03 0.72 3110.467
53:37:27.119 5 7.309736 10.7365499 110.4247196 38.5068 54.09 0.51 -0.45 3110.465
53:37:39.119 5 7.30861 10.7366601 110.4249373 38.5733 54 0.5 -0.14 3110.438
53:37:51.119 5 7.30748 10.7367719 110.4251543 38.3196 54.08 -0.19 0.44 3110.441
53:38:3.119 5 7.307336 10.7368816 110.4253709 38.2787 54.87 0 1.96 3110.48
53:38:15.119 5 7.30637 10.7369886 110.4255862 38.4305 55.39 0.44 -2.47 3110.514
53:39:3.119 5 7.305562 10.7374138 110.4264451 38.4229 55.4 0.1 -0.29 3110.49
53:39:39.119 5 7.30547 10.7377493 110.4270779 38.1642 54.93 0 1.48 3110.497
53:39:51.119 5 7.305192 10.7378638 110.4272893 38.3001 54.56 0.2 -0.44 3110.489
53:40:3.119 5 7.304648 10.7379754 110.4275064 38.274 52.97 0 -0.25 3110.51
53:42:39.119 5 7.285378 10.7396526 110.4301399 38.253 44.03 0.12 -0.04 3110.464
53:42:51.119 5 7.28322 10.7397886 110.4303315 38.1481 44.46 0.22 -1.47 3110.454
53:43:3.119 5 7.281748 10.7399325 110.4305153 38.1344 44.96 0.19 0.18 3110.484
53:43:27.119 5 7.27985 10.7402143 110.4308917 38.1918 45.63 0.02 -0.09 3110.47
53:43:39.119 5 7.278902 10.740351 110.4310854 38.3426 45.43 0.18 -1.62 3110.476
53:43:51.119 5 7.278372 10.7404924 110.4312778 38.1656 44.84 -0.06 1.21 3110.496
53:44:3.119 5 7.27797 10.7406347 110.4314659 38.8417 44.86 0.39 1.25 3110.465
53:44:15.119 5 7.277066 10.7407669 110.4316658 38.9558 44.73 0.31 -1.39 3110.473
53:44:27.119 5 7.27649 10.7409107 110.4318574 38.8381 44.37 0.51 -0.11 3110.464
53:44:39.119 5 7.276208 10.7410586 110.432042 38.9028 44.25 -0.24 1.52 3110.468
53:44:51.119 5 7.275838 10.7411966 110.4322387 39.0564 44.48 -0.1 -0.12 3110.485
53:45:15.119 5 7.275596 10.7414782 110.4326153 38.9599 44.44 -0.12 -0.95 3110.492
53:45:27.119 5 7.275852 10.7416178 110.4328006 38.8895 44.3 -0.11 0.93 3110.491
53:45:39.119 5 7.275842 10.7417534 110.4329853 38.9042 44.19 0.14 -0.77 3110.477
53:45:51.119 5 7.276204 10.7418882 110.4331711 38.9352 44.26 0.04 0.07 3110.472
53:46:3.119 5 7.276436 10.7420295 110.4333457 39.0112 44.12 0.24 0.05 3110.478
53:46:15.119 5 7.277088 10.7421642 110.4335277 38.943 44.5 0.08 0.15 3110.48
53:46:39.119 5 7.278664 10.7424358 110.4338866 38.9179 44.96 0.3 -0.26 3110.481
53:46:51.119 5 7.280294 10.7425744 110.4340626 38.7729 45.4 -0.07 1.06 3110.481
53:47:3.119 5 7.281612 10.7427076 110.4342428 38.7293 45.48 0.08 -0.95 3110.427
53:47:15.119 5 7.284006 10.742839 110.4344259 38.7423 45.54 0.27 1.33 3110.456
53:47:27.119 5 7.285596 10.7429769 110.4346002 38.8947 45.02 -0.07 -0.65 3110.414
53:47:51.119 5 7.289698 10.7432384 110.4349656 38.9195 44.23 0 1.07 3110.425
53:48:15.119 5 7.293384 10.7435041 110.4353291 39.4366 43.97 0.2 -1.06 3110.444
53:48:39.119 5 7.297402 10.7437795 110.4356802 39.2176 44.12 -0.28 1.24 3110.461
53:48:51.119 5 7.29947 10.7439098 110.4358623 39.281 44.75 0.12 -1.54 3110.435
53:49:3.119 5 7.301868 10.7440463 110.436036 39.4789 44.97 0.03 -0.45 3110.439
53:49:15.119 5 7.305076 10.7441876 110.4362053 39.3246 45.18 -0.01 1.94 3110.442
53:49:39.119 5 7.311452 10.7444492 110.4365695 39.423 45.47 0.3 -1.73 3110.452
53:49:51.119 5 7.315488 10.7445851 110.4367458 39.3512 45.18 0.02 0.75 3110.443
53:50:3.119 5 7.319822 10.7447235 110.4369224 39.4316 44.9 -0.28 1.78 3110.443
53:50:15.119 5 7.323136 10.744848 110.4371145 39.5383 43.84 0.13 -1.48 3110.471
53:50:27.119 5 7.326512 10.7449783 110.437302 39.4573 41.91 0.09 -1 3110.457
53:50:39.119 5 7.32918 10.7451204 110.4374747 39.524 39.59 -0.3 0.43 3110.438
53:50:51.119 5 7.331262 10.7452527 110.4376582 39.5486 37.48 0.09 0.13 3110.435
53:51:39.119 5 7.333138 10.7458373 110.4383173 39.6074 32.78 0 -0.92 3110.446
53:51:51.119 5 7.33316 10.7459902 110.4384714 39.4724 32.34 0.05 -0.04 3110.44
53:52:3.119 5 7.332928 10.7461466 110.4386146 39.6603 31.04 0.3 0.2 3110.42
53:52:15.119 5 7.332608 10.7463014 110.4387634 39.5901 30.17 0.06 0.59 3110.461
53:52:27.119 5 7.33186 10.7464579 110.4389097 39.5049 29.49 0.28 -1.04 3110.451
53:52:51.119 5 7.33107 10.7467765 110.439187 39.4955 28.75 -0.02 1 3110.447
53:53:3.119 5 7.33003 10.7469335 110.4393304 39.4457 27.48 0.05 -1.53 3110.438
53:53:15.119 5 7.328886 10.7470929 110.4394671 39.3999 25.72 0.39 -0.04 3110.442
53:53:27.119 5 7.327262 10.747258 110.4395948 39.3786 23.87 0.06 0.36 3110.45
53:54:15.119 5 7.317974 10.7479202 110.4400966 39.5164 21.89 0.39 0.23 3110.444
53:54:39.119 5 7.312612 10.7482616 110.4403254 39.5477 22.03 -0.03 0.07 3110.446
53:54:51.119 5 7.309986 10.7484339 110.4404351 39.5831 21.14 0.28 0.55 3110.447
53:55:3.119 5 7.306954 10.7486053 110.4405511 39.6029 20.58 0.13 -0.52 3110.445
53:55:27.119 5 7.30087 10.7489561 110.4407689 39.4936 19.88 0.34 -0.02 3110.445
53:55:51.119 5 7.294614 10.7493092 110.4409815 39.6155 19.75 -0.04 0.05 3110.446
53:56:3.119 5 7.291202 10.7494853 110.4410898 39.6507 19.59 -0.18 -1.57 3110.443
53:56:27.119 5 7.2852 10.7498432 110.4412848 39.6451 20.17 0.07 0.09 3110.458
53:56:39.119 5 7.282168 10.7500192 110.4413919 39.5542 20.24 0.05 -0.4 3110.446
53:56:51.119 5 7.27943 10.7501986 110.441488 39.6575 20.15 0.06 0.72 3110.454
53:57:3.119 5 7.276582 10.750378 110.4415885 39.6607 20.07 0.55 0.31 3110.486
53:57:15.119 5 7.273814 10.7505569 110.4416915 39.6579 20.16 0.23 -0.33 3110.45
53:57:27.119 5 7.271386 10.7507375 110.4417915 39.6324 19.83 0.19 -0.23 3110.47
53:57:39.119 5 7.268754 10.7509185 110.4418885 39.7344 19.53 0.06 -0.59 3110.452
53:57:51.119 5 7.266246 10.7510976 110.4419906 39.6661 19.34 0.36 0.11 3110.424
53:58:3.119 5 7.263914 10.7512785 110.4420892 39.6929 19.32 0.23 0.66 3110.427
53:58:15.119 5 7.261698 10.7514581 110.4421869 39.7806 19.21 0 -0.25 3110.45
53:58:27.119 5 7.25964 10.7516385 110.4422864 39.8131 19.47 -0.07 -0.15 3110.45
53:58:39.119 5 7.257928 10.7518181 110.4423857 39.6855 19.67 -0.06 -0.48 3110.431
53:58:51.119 5 7.256544 10.7519987 110.4424852 39.5975 20.03 -0.16 -0.18 3110.417
53:59:3.119 5 7.25546 10.7521773 110.4425846 39.715 20.12 0.11 -0.01 3110.443
53:59:27.119 5 7.253304 10.7525355 110.4427893 39.6359 19.77 -0.16 0.3 3110.461
53:59:39.119 5 7.251902 10.7527147 110.4428917 39.79 19.45 0.11 -1.36 3110.458
53:59:51.119 5 7.2506 10.7528937 110.4429981 39.8339 10.53 -0.06 0.74 3110.472
54:0:3.119 5 7.248612 10.7530807 110.4430905 41.2104 17.5 -0.45 -0.45 3110.472
54:0:15.119 5 7.246756 10.7532612 110.4431932 41.2804 17.03 0.23 -0.26 3110.45
54:0:27.119 5 7.244714 10.7534437 110.4432851 41.137 16.83 0.27 0.45 3110.483
54:0:39.119 5 7.242658 10.7536284 110.4433771 41.006 16.97 0.1 0.21 3110.475
54:0:51.119 5 7.240582 10.7538141 110.4434685 40.9395 17.34 -0.21 -0.28 3110.482
54:1:3.119 5 7.2387 10.7540009 110.4435558 41.0511 17.62 -0.11 -0.58 3110.465
54:1:15.119 5 7.237138 10.7541874 110.4436439 41.0417 17.78 -0.08 0.29 3110.494
54:1:39.119 5 7.234616 10.7545581 110.4438252 40.8226 10.27 -0.38 -0.42 3110.45
54:1:51.119 5 7.233562 10.7547423 110.4439186 40.8551 10.41 0.16 -1.17 3110.481
54:2:15.119 5 7.232934 10.7551116 110.4440901 41.0769 10.37 0.07 0.64 3110.486
54:2:27.119 5 7.232266 10.7552916 110.4441933 40.9284 10.1 -0.1 -1.53 3110.452
54:2:39.119 5 7.232376 10.7554744 110.44428 40.8989 17.64 0.02 0.77 3110.453
54:2:51.119 5 7.2324 10.755657 110.4443664 40.6124 17.42 0 0.75 3110.487
54:3:3.119 5 7.232066 10.7558361 110.4444711 40.5485 17.15 0.18 -1.24 3110.478
54:3:27.119 5 7.231814 10.7562048 110.4446426 40.519 16.75 -0.1 0.75 3110.468
54:3:39.119 5 7.231066 10.7563853 110.4447405 40.507 16.95 -0.2 -1.65 3110.465
54:3:51.119 5 7.231134 10.7565683 110.4448275 40.4815 17.01 0.42 0.04 3110.474
54:4:3.119 5 7.231306 10.7567543 110.4449067 40.4507 17.6 0.01 1.58 3110.474
54:4:15.119 5 7.230962 10.7569351 110.4450001 40.3774 17.23 0.33 -1.44 3110.509
54:4:27.119 5 7.230744 10.7571182 110.4450875 40.4365 16.16 0.11 0.11 3110.466
54:4:51.119 5 7.22943 10.7574858 110.4452542 40.3494 14.39 0.26 -0.37 3110.475
54:5:3.119 5 7.228434 10.7576698 110.4453322 40.3455 14.08 0.18 -0.46 3110.483
54:5:15.119 5 7.22746 10.7578539 110.4454089 40.2801 14.12 -0.07 -0.09 3110.467
54:5:27.119 5 7.226386 10.7580384 110.4454802 40.1656 14.22 -0.12 -0.23 3110.465
54:5:39.119 5 7.225634 10.7582214 110.4455494 40.294 14.32 -0.2 0.96 3110.438
54:5:51.119 5 7.224832 10.7584058 110.445619 40.1685 14.53 -0.02 0.07 3110.441
54:6:3.119 5 7.224148 10.7585888 110.445692 40.1134 14.99 -0.45 -0.66 3110.48
54:6:15.119 5 7.224086 10.7587733 110.4457615 40.1896 15.28 0.31 0.28 3110.514
54:6:27.119 5 7.22412 10.7589598 110.44583 40.1344 15.35 0.2 0.75 3110.49
54:6:39.119 5 7.224132 10.759144 110.445907 40.092 14.32 0.31 0.48 3110.497
54:6:51.119 5 7.22365 10.759329 110.4459836 40.0464 13.45 0.19 -0.63 3110.489
54:7:3.119 5 7.223654 10.7595164 110.446059 40.036 12.92 0.07 0.29 3110.51
54:7:15.119 5 7.223316 10.7597036 110.4461266 40.0883 12.41 -0.26 -0.62 3110.464
54:7:27.119 5 7.223868 10.7598892 110.4462003 40.223 12.31 0.59 1.42 3110.454
54:7:39.119 5 7.223788 10.7600752 110.446269 40.0119 12.65 0.03 -0.41 3110.484
54:7:51.119 5 7.223942 10.7602594 110.4463441 39.9782 12.56 -0.23 -1.17 3110.47
54:8:3.119 5 7.225136 10.7604445 110.4464037 40.3099 13.07 0.4 1.85 3110.476
54:8:51.119 5 7.228872 10.7611888 110.446691 39.9654 13.05 0.01 0.53 3110.496
54:9:3.119 5 7.230148 10.7613783 110.4467639 39.8811 12.92 0.19 -0.56 3110.465
54:9:15.119 5 7.231626 10.7615675 110.4468409 40.0209 12.94 0.07 0.22 3110.473
54:9:27.119 5 7.23307 10.7617596 110.4469114 39.8888 12.85 0.14 0.14 3110.464
54:9:39.119 5 7.234874 10.7619502 110.4469876 39.893 12.59 0.01 0.76 3110.468
54:10:3.119 5 7.2384 10.7623326 110.4471392 39.756 12.51 0.29 -0.46 3110.485
54:10:15.119 5 7.240818 10.7625244 110.4472062 39.7672 12.72 0.05 1.51 3110.492
54:10:39.119 5 7.244842 10.7629031 110.4473623 39.7314 12.19 -0.34 -0.22 3110.491
54:10:51.119 5 7.24738 10.7630953 110.4474261 39.5279 10.55 0.45 1.56 3110.477
54:11:3.119 5 7.248812 10.7632839 110.4475068 39.5038 8.56 0.31 0.02 3110.472
54:11:15.119 5 7.249524 10.7634731 110.4475853 39.2915 6.67 0.25 -0.46 3110.478
54:11:51.119 5 7.24964 10.7640479 110.4477557 39.4066 3.7 0.2 0.53 3110.48
54:12:27.119 5 7.24928 10.7646297 110.4478901 39.3743 4.62 0.03 0.68 3110.481
54:12:39.119 5 7.24939 10.7648232 110.4479395 39.3081 4.96 0.02 -0.68 3110.481
54:12:51.119 5 7.250262 10.7650183 110.4479844 39.2675 5.35 0.33 1.62 3110.427
54:13:3.119 5 7.250292 10.7652131 110.4480279 39.1339 5.42 -0.11 -1.91 3110.456
54:13:39.119 5 7.252232 10.7657939 110.4481709 39.1207 5.04 0.2 0 3110.414
54:13:51.119 5 7.252636 10.7659873 110.4482152 38.9755 4.82 0.22 -0.79 3110.425
54:14:3.119 5 7.253404 10.7661784 110.4482563 39.0859 4.91 0.07 0.74 3110.444
54:14:27.119 5 7.254402 10.7665585 110.448343 39.0697 4.46 0.21 -0.05 3110.461
54:14:39.119 5 7.255444 10.7667479 110.4483761 39.0118 4.52 0.27 1.48 3110.435
54:15:3.119 5 7.257208 10.7671248 110.4484612 38.8706 4.18 0.28 -0.38 3110.439
54:15:15.119 5 7.25876 10.7673134 110.4484936 38.9172 3.53 0.13 1.7 3110.442
54:15:27.119 5 7.25951 10.7675011 110.4485382 38.8371 3.05 0.37 -1.99 3110.452
54:15:39.119 5 7.261054 10.7676875 110.4485824 39.0267 3.08 -0.25 0.82 3110.443
54:16:15.119 5 7.265202 10.768249 110.4486954 38.8322 1.22 0.28 -0.3 3110.443
54:16:51.119 5 7.267486 10.7688088 110.4487985 39.0178 0.35 -0.07 0.11 3110.471
54:17:3.119 5 7.267438 10.7689941 110.4488343 39.043 0.09 -0.27 -1.96 3110.457
54:17:15.119 5 7.268354 10.7691796 110.4488565 38.903 0.32 0.4 2.04 3110.438
54:17:27.119 5 7.26864 10.7693645 110.4488764 38.8083 0.68 -0.06 0.22 3110.435
54:17:39.119 5 7.268366 10.769549 110.4489141 38.6639 1.01 -0.42 -2.81 3110.446
54:17:51.119 5 7.269718 10.7697332 110.4489253 38.6412 1.25 0.53 2.46 3110.44
54:18:3.119 5 7.270196 10.7699187 110.4489372 38.4353 1.54 0.05 0.3 3110.42
54:18:15.119 5 7.270782 10.7701034 110.4489797 38.7049 1.81 0.17 -1.32 3110.461
54:18:27.119 5 7.2721 10.770291 110.4489882 38.6834 1.85 0.07 0.96 3110.451
54:18:39.119 5 7.273416 10.7704781 110.4490093 38.7852 1.99 -0.14 0.38 3110.447
54:18:51.119 5 7.274694 10.7706672 110.4490425 38.6185 1.77 0.08 -1.02 3110.438
54:19:3.119 5 7.276364 10.7708564 110.4490628 38.6178 1.66 0.24 -0.16 3110.442
54:19:15.119 5 7.27814 10.7710474 110.4490861 38.5576 1.33 0.18 0.72 3110.45
54:19:27.119 5 7.27957 10.7712395 110.4491142 38.4222 0.36 0.34 0.29 3110.444
54:19:51.119 5 7.280388 10.7716259 110.449165 38.4607 356.23 0.02 -0.38 3110.446
54:20:3.119 5 7.2798 10.7718189 110.4491816 38.5278 354.25 -0.1 0.48 3110.447
54:20:51.119 5 7.271644 10.77258 110.4491836 38.4808 348.78 0.44 3.24 3110.445
54:21:3.119 5 7.268846 10.772763 110.449163 38.3499 349.1 0 0.88 3110.445
54:21:15.119 5 7.26572 10.7729499 110.4491605 38.2985 349.55 0.37 -2.57 3110.446
54:21:27.119 5 7.264062 10.7731295 110.449129 38.4114 350.6 0.07 2.59 3110.443
54:21:39.119 5 7.262334 10.7733115 110.4491 38.1727 351.29 0.26 1.18 3110.458
54:21:51.119 5 7.260004 10.7734955 110.4490941 38.2813 351.62 -0.25 -2.49 3110.446
54:22:3.119 5 7.258652 10.773679 110.4490716 38.4367 351.23 0.3 0.59 3110.454
54:22:15.119 5 7.257586 10.7738639 110.4490455 38.214 351.25 0.46 2.43 3110.486
54:22:27.119 5 7.255082 10.774054 110.4490455 38.1962 351.09 -0.34 -2.25 3110.45
54:22:39.119 5 7.253322 10.7742431 110.4490285 38.2246 350.19 0.41 -0.95 3110.47
54:22:51.119 5 7.252456 10.7744296 110.4489938 38.2285 350.3 0.28 3.87 3110.452
54:23:3.119 5 7.250122 10.774623 110.448987 37.9985 350.48 -0.16 -2.59 3110.424
54:23:15.119 5 7.249188 10.7748147 110.4489772 38.1699 350.26 0.33 0.53 3110.427
54:23:51.119 5 7.245434 10.7753867 110.44892 38.0655 347.93 -0.01 0.05 3110.45
54:24:3.119 5 7.243938 10.7755728 110.4488867 38.0913 347.67 -0.2 -0.75 3110.45
54:24:15.119 5 7.24298 10.7757631 110.4488703 38.1034 347.88 0.13 0.56 3110.431
54:24:27.119 5 7.242148 10.7759522 110.4488438 38.0348 348.21 0 1.22 3110.417
54:24:39.119 5 7.240574 10.776143 110.4488273 38.0356 348.17 0.11 -3.28 3110.443
54:24:51.119 5 7.24049 10.7763337 110.4488063 38.0911 348.22 0.59 1.76 3110.461
54:25:3.119 5 7.239648 10.776522 110.4487703 37.9362 348.33 -0.3 0.18 3110.458
54:25:15.119 5 7.238426 10.776717 110.448769 38.0481 348.27 0.01 -1.58 3110.472
54:25:27.119 5 7.2379 10.7769048 110.4487327 37.8793 348.09 0.36 0.64 3110.472
54:25:39.119 5 7.2374 10.7770935 110.4487054 37.8829 348.64 -0.22 1.6 3110.45
54:26:3.119 5 7.236284 10.7774759 110.4486641 37.9647 348.75 0.03 0.99 3110.483
54:26:15.119 5 7.236006 10.7776633 110.4486282 37.8827 348.56 0.04 0.94 3110.475
54:26:27.119 5 7.23561 10.7778565 110.4486177 37.8999 348.51 -0.14 -0.81 3110.482
54:26:51.119 5 7.234412 10.7782372 110.448561 37.793 345.44 -0.03 -0.28 3110.465
54:27:15.119 5 7.23199 10.7786165 110.4485069 37.636 344.33 0.17 0.3 3110.494
54:27:39.119 5 7.23007 10.7789863 110.4484353 37.762 345.01 0 2.97 3110.45
54:27:51.119 5 7.22867 10.7791713 110.448397 37.6202 345.49 0.09 -2.03 3110.481
54:28:3.119 5 7.228072 10.7793582 110.4483693 37.9344 345.84 0.22 -1.33 3110.486
54:28:15.119 5 7.228568 10.7795393 110.4483173 37.9175 346.04 -0.09 2.7 3110.452
54:28:27.119 5 7.228864 10.7797266 110.4482865 37.7196 345.88 0.17 0.43 3110.453
54:28:39.119 5 7.228716 10.7799162 110.4482667 37.6408 344.99 -0.09 -1.17 3110.487
54:28:51.119 5 7.228814 10.7801029 110.4482332 37.8577 343.43 0.19 -0.17 3110.478
54:29:3.119 5 7.229166 10.7802881 110.4481977 37.7285 342.81 0.43 1.86 3110.468
54:29:15.119 5 7.22864 10.7804766 110.4481704 37.6679 342.54 0.22 -0.43 3110.465
54:29:27.119 5 7.228456 10.780665 110.4481401 37.7468 341.89 0.15 -0.11 3110.474
54:29:39.119 5 7.228698 10.7808475 110.4480927 37.7506 342.22 -0.08 2.93 3110.474
54:29:51.119 5 7.228032 10.7810383 110.4480611 37.3879 342.39 -0.04 -2.33 3110.509
54:30:3.119 5 7.228364 10.7812247 110.4480254 37.6513 342.46 0.31 0.72 3110.466
54:30:15.119 5 7.229144 10.7814067 110.447971 37.3459 342.74 0.52 2.52 3110.475
54:30:27.119 5 7.22895 10.781597 110.4479477 37.2598 342.88 -0.34 -1.54 3110.483
54:30:39.119 5 7.229282 10.7817848 110.4479134 37.4786 342.76 -0.11 -0.97 3110.467
54:30:51.119 5 7.230278 10.7819674 110.4478563 37.1525 342.78 -0.18 1.46 3110.465
54:31:3.119 5 7.231592 10.7821588 110.4478263 37.3232 342.65 0.78 1.86 3110.438
54:31:15.119 5 7.231902 10.7823493 110.4477936 37.0756 342.46 -0.02 -1.21 3110.441
54:31:27.119 5 7.232764 10.782541 110.4477591 37.1172 342.37 0.26 -0.77 3110.48
54:31:39.119 5 7.233864 10.7827268 110.4477089 37.097 341.71 0.13 1.42 3110.514
54:31:51.119 5 7.233688 10.7829187 110.4476763 37.2799 340.51 -0.44 -2.19 3110.49
54:32:3.119 5 7.234492 10.7831089 110.4476397 37.1217 339.32 0.75 1.37 3110.497
54:32:15.119 5 7.234252 10.7832908 110.447581 36.8754 338.98 -0.03 0.45 3110.489
54:32:27.119 5 7.233362 10.783485 110.4475536 36.8804 338.92 -0.2 -3.31 3110.51
54:32:39.119 5 7.233952 10.7836645 110.4474928 37.1235 339.22 -0.01 2.26 3110.464
54:32:51.119 5 7.234578 10.7838453 110.4474308 36.6587 339.85 0.38 2.21 3110.454
54:33:3.119 5 7.233828 10.7840351 110.4473952 36.7164 339.17 0.25 -3.08 3110.484
54:33:15.119 5 7.234084 10.7842196 110.4473449 37.1476 337.49 0.33 1.12 3110.47
54:33:27.119 5 7.23415 10.7843969 110.4472762 36.9122 336.54 -0.19 3.57 3110.476
54:33:39.119 5 7.232568 10.7845872 110.4472394 36.7947 335.42 0.08 -3.27 3110.496
54:33:51.119 5 7.231794 10.7847703 110.4471859 36.986 335.33 0.04 1.66 3110.465
54:34:3.119 5 7.230516 10.7849406 110.4471029 36.4414 335.55 -0.35 0.07 3110.473
54:34:15.119 5 7.2291 10.785124 110.4470545 36.6442 335.18 0.24 -0.75 3110.464
54:34:27.119 5 7.227998 10.7852948 110.4469782 36.7459 334.13 0.17 3.49 3110.468
54:34:39.119 5 7.225474 10.7854711 110.4469105 36.6823 333.1 -0.26 -1.3 3110.485
54:34:51.119 5 7.223326 10.78565 110.446849 36.6142 332.64 0.13 -0.05 3110.492
54:35:3.119 5 7.220876 10.7858169 110.4467615 36.6228 332.48 0.3 0.77 3110.491
54:35:15.119 5 7.218328 10.7859914 110.4466903 36.601 332.74 0.28 0.27 3110.477
54:35:27.119 5 7.215612 10.7861644 110.4466109 37.1255 333.03 -0.23 0.04 3110.472
54:35:39.119 5 7.213578 10.7863332 110.4465251 36.876 333.28 0.15 0.24 3110.478
54:36:3.119 5 7.209112 10.7866778 110.4463643 36.9503 333.16 -0.05 -2.86 3110.48
54:36:15.119 5 7.207562 10.7868476 110.4462784 36.9106 333.17 0.08 1.48 3110.481
54:36:27.119 5 7.206088 10.787017 110.4461883 36.6949 333.33 0.12 2.65 3110.481
54:36:39.119 5 7.203334 10.7871943 110.4461169 36.7192 332.44 -0.33 -3.45 3110.427
54:36:51.119 5 7.201796 10.7873695 110.4460393 37.1722 331.13 0.2 1.17 3110.456
54:37:3.119 5 7.199334 10.7875338 110.4459351 36.7521 330.28 0.38 1.04 3110.414
54:37:15.119 5 7.196632 10.7877162 110.4458683 36.5492 330.17 0.11 -0.67 3110.425
54:37:27.119 5 7.193824 10.7878834 110.4457723 36.5796 329.71 0.33 -1.16 3110.444
54:37:39.119 5 7.192134 10.7880499 110.4456763 36.7049 330.09 0.25 2.91 3110.461
54:37:51.119 5 7.18946 10.7882203 110.4455857 36.602 330.43 -0.21 -0.65 3110.435
54:38:3.119 5 7.186952 10.7883935 110.4455019 36.4347 330.55 -0.09 -1.52 3110.439
54:38:15.119 5 7.185328 10.7885554 110.4453959 36.503 330.82 -0.39 1.18 3110.442
54:38:27.119 5 7.184168 10.7887248 110.4453035 36.4429 330.9 0.67 1.77 3110.452
54:38:39.119 5 7.182478 10.7888992 110.4452195 36.4847 330.79 0.24 -0.66 3110.443
54:38:51.119 5 7.181082 10.7890732 110.4451365 36.6862 330.98 -0.33 -0.77 3110.443
54:39:3.119 5 7.180646 10.7892395 110.4450336 36.3354 330.67 0.23 1.9 3110.471
54:39:15.119 5 7.179672 10.7894119 110.4449447 36.3483 330.52 0.06 0.45 3110.457
54:39:27.119 5 7.178896 10.7895934 110.444868 36.4183 330.63 0.27 -1.63 3110.438
54:39:39.119 5 7.178504 10.789764 110.4447728 36.3687 330.54 -0.1 0.71 3110.435
54:39:51.119 5 7.178458 10.789938 110.4446799 36.4682 330.29 0.45 1.21 3110.446
54:40:3.119 5 7.1785 10.790117 110.4445962 36.4065 330.63 -0.21 1.65 3110.44
54:40:15.119 5 7.177652 10.7902973 110.4445115 36.2725 330 -0.14 -3.74 3110.42
54:40:27.119 5 7.178534 10.7904729 110.4444207 36.5748 330.29 0.07 3.36 3110.461
54:40:39.119 5 7.178698 10.7906453 110.4443211 36.124 330.41 0.11 1.98 3110.451
54:40:51.119 5 7.178164 10.7908317 110.4442529 36.4469 330.2 0.32 -2.84 3110.447
54:41:3.119 5 7.178628 10.791002 110.4441548 36.4091 330.5 -0.1 1.75 3110.438
54:41:15.119 5 7.179296 10.7911739 110.44406 36.3024 330.94 0.38 1.42 3110.442
54:41:27.119 5 7.179196 10.7913524 110.4439816 36.1492 330.98 -0.46 -0.66 3110.45
54:41:39.119 5 7.17953 10.7915245 110.4438925 36.3526 330.83 -0.13 -1.06 3110.444
54:41:51.119 5 7.18053 10.7916931 110.443796 36.1018 330.62 0.14 2.37 3110.446
54:42:3.119 5 7.180712 10.7918664 110.4437097 35.9744 330.82 0.11 -0.33 3110.447
54:42:15.119 5 7.181006 10.7920429 110.4436313 36.1361 330.79 0.17 -2.11 3110.445
54:42:27.119 5 7.182574 10.7922074 110.4435312 36.1262 330.83 0.43 3.71 3110.445
54:42:39.119 5 7.182728 10.7923764 110.443439 35.9329 330.95 -0.1 -0.93 3110.446
54:42:51.119 5 7.183086 10.7925579 110.4433691 36.2376 330.65 0.28 -3.06 3110.443
54:43:3.119 5 7.184676 10.7927164 110.4432578 36.1219 330.79 0.06 3.29 3110.458
54:43:15.119 5 7.185514 10.7928882 110.4431699 36.1407 331.12 0.18 0.56 3110.446
54:43:27.119 5 7.186522 10.7930633 110.4430901 35.775 331.05 0.19 -1.32 3110.454
54:43:39.119 5 7.187716 10.7932288 110.4429925 36.1364 330.86 -0.03 -0.88 3110.486
54:43:51.119 5 7.188968 10.7933992 110.4429012 36.255 330 0.09 -0.35 3110.45
54:44:3.119 5 7.190304 10.7935701 110.4428116 36.2564 328.71 0.12 2.58 3110.47
54:44:15.119 5 7.190564 10.7937409 110.4427233 35.9971 328.22 -0.32 -0.45 3110.452
54:44:27.119 5 7.191056 10.7939135 110.4426353 36.0078 328.02 -0.07 -0.98 3110.424
54:44:39.119 5 7.192072 10.7940722 110.4425265 35.8458 327.79 0.6 2.09 3110.427
54:44:51.119 5 7.1924 10.794236 110.4424288 37.2275 328.06 -0.01 -0.86 3110.45
54:45:3.119 5 7.193668 10.7944049 110.4423382 37.3143 328.28 0.65 0.19 3110.45
54:45:15.119 5 7.194268 10.7945632 110.4422307 37.0131 327.46 0.29 -1.32 3110.431
54:45:27.119 5 7.195322 10.7947317 110.4421399 37.2569 326.35 0.33 0.04 3110.417
54:45:39.119 5 7.196214 10.7948923 110.4420373 37.1564 325.5 0.02 1.77 3110.443
54:45:51.119 5 7.196256 10.7950572 110.4419429 37.1391 325.01 0.15 -1.09 3110.461
54:46:3.119 5 7.196644 10.7952195 110.4418451 37.2629 325.05 0.02 -0.44 3110.458
54:46:15.119 5 7.19701 10.795373 110.4417334 37.0864 324.14 -0.12 0.24 3110.472
54:46:27.119 5 7.197518 10.7955336 110.4416307 37.1033 323.54 0.56 0.6 3110.472
54:46:39.119 5 7.197284 10.7956934 110.4415256 37.071 323.33 -0.54 0.24 3110.45
54:46:51.119 5 7.19687 10.7958556 110.4414206 37.2799 323.41 -0.13 -1.79 3110.483
54:47:3.119 5 7.197708 10.7960066 110.4413024 37.1034 323.56 0.35 3.15 3110.475
54:47:15.119 5 7.197086 10.7961606 110.4411888 37.0079 323.45 -0.1 -0.6 3110.482
54:47:27.119 5 7.19631 10.7963289 110.4410933 37.2026 323.35 -0.17 -1.76 3110.465
54:47:39.119 5 7.196792 10.7964707 110.4409616 37.1057 322.39 0.07 3.03 3110.494
54:47:51.119 5 7.195824 10.7966249 110.4408475 37.1557 321.95 -0.3 0.68 3110.45
54:48:3.119 5 7.194334 10.7967889 110.4407436 37.4456 321.45 -0.07 -3.87 3110.481
54:48:15.119 5 7.194676 10.7969272 110.4406106 37.3024 321.28 0.65 4.67 3110.486
54:48:27.119 5 7.193482 10.7970731 110.4404848 36.9833 321.63 -0.05 0.11 3110.452
54:48:39.119 5 7.192028 10.7972396 110.4403868 37.2021 321.79 -0.02 -3.26 3110.453
54:48:51.119 5 7.192378 10.7973731 110.4402452 37.2222 322.11 0.02 2.82 3110.487
54:49:3.119 5 7.192046 10.7975167 110.4401157 37.0787 322.27 0.24 1.16 3110.478
54:49:15.119 5 7.191232 10.7976777 110.4400098 37.3021 322.11 -0.23 -1.9 3110.468
54:49:27.119 5 7.191288 10.797822 110.4398801 37.2766 322.08 -0.17 2.39 3110.465
54:49:39.119 5 7.190788 10.7979656 110.4397483 37.1854 321.04 0.07 -0.48 3110.474
54:49:51.119 5 7.19047 10.798123 110.439635 37.2007 320.67 0.06 1.38 3110.474
54:50:3.119 5 7.189892 10.7982665 110.439505 37.2356 320.24 0.09 -0.09 3110.509
54:50:15.119 5 7.189572 10.7984176 110.4393842 37.1146 320.64 0 0.18 3110.466
54:50:27.119 5 7.189112 10.7985596 110.4392513 37.2664 320.78 0.18 -1.29 3110.475
54:50:39.119 5 7.18977 10.7987066 110.4391262 37.4565 321.05 0.31 1.19 3110.483
54:50:51.119 5 7.190526 10.7988485 110.438993 37.0342 321.36 0.16 1.1 3110.467
54:51:3.119 5 7.190546 10.7990085 110.4388807 37.3256 321.17 0.07 -2.73 3110.465
54:51:15.119 5 7.191834 10.7991532 110.4387496 37.4342 321.16 0 1.21 3110.438
54:51:27.119 5 7.193358 10.7992964 110.4386138 37.1633 321.03 0.15 1.41 3110.441
54:51:39.119 5 7.194446 10.799458 110.438502 37.1459 320.8 0.3 0.69 3110.48
54:51:51.119 5 7.195258 10.7996077 110.4383753 37.1167 320.36 0.28 -1.01 3110.514
54:52:3.119 5 7.196554 10.7997579 110.438252 37.3845 320.41 -0.11 1.44 3110.49
54:52:15.119 5 7.197708 10.7999069 110.438125 37.243 320.53 -0.02 0.45 3110.497
54:52:27.119 5 7.198624 10.8000621 110.438005 37.3125 320.44 0.18 -1.59 3110.489
54:52:39.119 5 7.199958 10.8002072 110.4378723 37.1188 319.25 0.24 0.85 3110.51
54:52:51.119 5 7.20056 10.8003568 110.4377443 37.2849 317.61 0.07 1.58 3110.464
54:53:3.119 5 7.200062 10.8005086 110.4376189 37.3189 316.17 0.12 -1.72 3110.454
54:53:15.119 5 7.200198 10.8006553 110.4374883 37.2731 315.65 0.08 0.47 3110.484
54:53:27.119 5 7.200256 10.8007885 110.4373439 37.0659 315 0.28 2.54 3110.47
54:53:39.119 5 7.199342 10.8009362 110.4372156 37.2292 314.82 0 -3.35 3110.476
54:53:51.119 5 7.199982 10.8010761 110.437077 37.1134 315.31 0 3.06 3110.496
54:54:3.119 5 7.200154 10.8012002 110.4369219 36.9156 315.65 0.33 1.28 3110.465
54:54:15.119 5 7.200324 10.8013537 110.4367986 37.2059 316.1 0.17 -1.11 3110.473
54:54:27.119 5 7.201028 10.8014877 110.4366551 37.266 316.24 -0.19 1.31 3110.464
54:54:39.119 5 7.201554 10.8016241 110.4365125 37.2553 315.54 0.31 -0.3 3110.468
54:54:51.119 5 7.202076 10.8017666 110.4363782 37.2968 314.09 0.42 1.55 3110.485
54:55:3.119 5 7.201668 10.801904 110.4362383 37.0993 313.25 0.07 0.16 3110.492
54:55:15.119 5 7.200892 10.8020485 110.4361063 37.4525 312.52 0.08 -2.49 3110.491
54:55:27.119 5 7.200472 10.8021718 110.4359534 37.0022 311.9 0.04 2.11 3110.477
54:55:39.119 5 7.199216 10.8023049 110.4358087 37.3551 311.94 0.15 -1.61 3110.472
54:55:51.119 5 7.19835 10.8024378 110.4356665 37.3624 312.19 0.13 2.1 3110.478
54:56:3.119 5 7.197204 10.8025519 110.4355076 37.173 312.5 0.05 0.47 3110.48
54:56:15.119 5 7.196118 10.8026858 110.4353677 37.2628 313.02 -0.17 -1.26 3110.481
54:56:27.119 5 7.195436 10.8028037 110.4352112 37.1137 312.93 0.19 0.03 3110.481
54:56:51.119 5 7.193824 10.8030484 110.4349083 36.9754 313.15 0.18 -1.56 3110.427
54:57:3.119 5 7.193644 10.8031764 110.4347643 37.2499 313.22 0.22 0.81 3110.456
54:57:15.119 5 7.193482 10.8032912 110.4346038 37.2998 313.23 0.01 1.54 3110.414
54:57:27.119 5 7.192696 10.8034195 110.434457 37.0917 313.23 -0.45 -1.73 3110.425
54:57:39.119 5 7.193148 10.8035449 110.4343064 37.0984 313.3 0.12 2.73 3110.444
54:57:51.119 5 7.193314 10.8036579 110.4341449 36.8047 312.91 0.03 0.17 3110.461
54:58:3.119 5 7.193324 10.8037982 110.4340113 37.397 312.7 -0.03 -0.79 3110.435
54:58:15.119 5 7.193564 10.8039142 110.4338493 37.1301 312.45 0.01 0.05 3110.439
54:58:27.119 5 7.194062 10.8040386 110.4336978 37.1159 312.44 -0.16 1.02 3110.442
54:58:39.119 5 7.194316 10.8041663 110.4335478 36.9979 312.47 0.19 0.89 3110.452
54:58:51.119 5 7.194994 10.8042936 110.4333972 37.1473 312.19 0.06 -0.48 3110.443
54:59:3.119 5 7.195486 10.8044192 110.4332464 37.3209 312.23 -0.11 1.43 3110.443
54:59:15.119 5 7.196212 10.8045429 110.4330895 37.258 312.41 0.1 0.53 3110.471
54:59:27.119 5 7.196786 10.8046684 110.4329359 37.158 312.43 0.49 -0.41 3110.457
54:59:39.119 5 7.197672 10.804796 110.4327843 37.5371 312.73 -0.3 0.63 3110.438
54:59:51.119 5 7.19922 10.8049144 110.4326255 37.3045 312.71 0.29 -0.75 3110.435
55:0:3.119 5 7.200856 10.8050442 110.4324735 36.0988 313.13 0.06 3.21 3110.446
55:0:15.119 5 7.201452 10.8051704 110.4323205 36.1319 312.72 0.01 -3.17 3110.44
55:0:27.119 5 7.203592 10.8053019 110.4321773 35.6178 312.6 0.13 0.5 3110.42
55:0:39.119 5 7.205492 10.8054136 110.4320139 35.5961 312.61 0.22 2.96 3110.461
55:0:51.119 5 7.206736 10.8055475 110.4318706 35.4004 312.73 -0.11 -2.26 3110.451
55:1:3.119 5 7.209016 10.8056758 110.4317236 35.5992 312.18 0.25 0.64 3110.447
55:1:15.119 5 7.210822 10.805788 110.4315582 35.2758 310.76 -0.1 2.59 3110.438
55:1:27.119 5 7.211958 10.8059239 110.4314172 35.2768 308.83 0.15 -1.42 3110.442
