8:46:38.764 5 4.498214 10.77334588 110.4195963 36.52 13.86 1.01 2.88 3110.831
8:46:46.764 5 4.50076 10.77347885 110.4196518 36.18 10.14 0.36 3.41 3110.816
8:46:54.764 5 4.503614 10.77347885 110.4196518 36.18 6.56 0.65 2.47 3110.829
8:47:2.764 5 4.505788 10.77375002 110.4197473 36.24 3.6 0.28 2.71 3110.826
8:47:10.764 5 4.507544 10.77388746 110.4197859 36.36 0.32 0.23 1.09 3110.837
8:47:18.764 5 4.50917 10.77402567 110.4198199 36.5 357.51 0.69 0 3110.823
8:47:26.764 5 4.510506 10.77416871 110.4198407 36.49 355.32 0.28 0.58 3110.837
8:47:34.764 5 4.511786 10.77431211 110.4198562 36.53 353.95 0.61 0.53 3110.824
8:47:42.764 5 4.512398 10.77446077 110.4198642 36.48 353.08 0.59 0.55 3110.849
8:47:50.764 5 4.51419 10.77460854 110.4198717 36.76 353.32 0.96 0.21 3110.836
8:47:58.764 5 4.515124 10.77476276 110.4198812 36.51 352.82 0.21 1.27 3110.816
8:48:6.764 5 4.516434 10.77491507 110.4198835 36.58 352.64 0.29 1.13 3110.833
8:48:14.764 5 4.51728 10.77507176 110.4198852 36.4 352.77 0.34 1.91 3110.805
8:48:22.764 5 4.518978 10.77522662 110.4198917 36.74 353.25 0.37 2.71 3110.809
8:48:30.764 5 4.520534 10.77537952 110.4198857 36.4 354.09 0.17 0.5 3110.83
8:48:38.764 5 4.522116 10.77553236 110.4198849 36.4 354.74 0.06 0.08 3110.831
8:48:46.764 5 4.524078 10.77568491 110.4198913 36.54 355.04 0.07 0.43 3110.817
8:48:54.764 5 4.525728 10.77583328 110.4198965 36.48 355.39 0.63 0.52 3110.823
8:49:2.764 5 4.52796 10.77597956 110.4199018 36.43 355.98 0.7 1.69 3110.799
8:49:10.764 5 4.530636 10.77612387 110.4199104 36.44 356.57 0.74 2.04 3110.82
8:49:18.764 5 4.532902 10.77626948 110.4199214 36.13 356.17 0.29 0.6 3110.84
8:49:26.764 5 4.53556 10.77626948 110.4199214 36.13 356.26 0.29 0.08 3110.828
8:49:34.764 5 4.538254 10.7765511 110.419946 36.31 356.53 0.37 0.35 3110.821
8:49:42.764 5 4.54128 10.77668863 110.4199629 36.49 356.69 0.15 0.75 3110.856
8:49:50.764 5 4.545168 10.77682497 110.4199857 36.63 357.29 0.5 0.7 3110.857
8:49:58.764 5 4.547852 10.77696351 110.4199957 36.03 356.95 0.19 1.34 3110.84
8:50:6.764 5 4.551302 10.77709988 110.4200072 36.14 355.92 0.22 3.11 3110.828
8:50:14.764 5 4.554366 10.77723998 110.4200194 36.15 354.15 0 2.71 3110.853
8:50:22.764 5 4.557442 10.77738246 110.4200274 36.13 352.58 0.14 3.63 3110.855
8:50:30.764 5 4.559984 10.77753058 110.4200334 36.22 350.23 0.03 2.56 3110.836
8:50:38.764 5 4.562956 10.77768182 110.4200373 36.62 348.2 0.3 1.41 3110.845
8:50:46.764 5 4.565172 10.77784142 110.4200335 36.59 346.03 0.01 0.42 3110.841
8:50:54.764 5 4.567886 10.77800656 110.4200272 36.95 344.38 0.25 2.09 3110.831
8:51:2.764 5 4.570124 10.77817706 110.420009 36.8 342.21 0.74 2.49 3110.822
8:51:10.764 5 4.571902 10.77834872 110.4199739 36.32 340.52 0.4 0.54 3110.833
8:51:18.764 5 4.573382 10.77852425 110.4199308 36.33 338.39 0.26 0.23 3110.84
8:51:26.764 5 4.575298 10.77870144 110.4198852 36.67 335.91 0.59 0.55 3110.861
8:51:34.764 5 4.575936 10.7788769 110.4198213 35.87 333.97 0.23 3.07 3110.851
8:51:42.764 5 4.576826 10.77905449 110.4197597 36.13 332.81 0.58 2.35 3110.832
8:51:50.764 5 4.578388 10.77923068 110.4197048 36.67 332.31 0.07 0.16 3110.835
8:51:58.764 5 4.579386 10.779402 110.4196461 36.42 332.2 0.17 0.63 3110.849
8:52:6.764 5 4.58041 10.77956314 110.4195795 36.26 332.63 0.06 0.08 3110.833
8:52:14.764 5 4.58179 10.77972021 110.4195169 36.21 333.3 0.47 0.17 3110.866
8:52:22.764 5 4.583044 10.77986572 110.4194605 36.19 334.64 0 0.78 3110.852
8:52:30.764 5 4.58545 10.77999807 110.4194129 36.4 337.04 0.14 1.78 3110.85
8:52:38.764 5 4.587334 10.7801289 110.4193863 36.58 337.26 0.24 0.13 3110.862
8:52:46.764 5 4.589626 10.78023933 110.4193665 36.7 335.89 1.34 0.42 3110.819
8:52:54.764 5 4.591874 10.78023933 110.4193665 36.7 333.87 0.59 0.04 3110.835
8:53:2.764 5 4.593484 10.78023933 110.4193665 36.7 331.68 0.52 1.15 3110.842
8:53:10.764 5 4.595286 10.78053472 110.4193013 36.3 328.64 0.14 0.83 3110.842
8:53:18.764 5 4.59608 10.7806266 110.4192697 35.68 325.28 0.41 1.97 3110.831
8:53:26.764 5 4.597778 10.78072144 110.4192328 36.42 322.34 0.12 1.49 3110.816
8:53:34.764 5 4.598148 10.78082859 110.419199 36.55 319.13 0.22 1.84 3110.829
8:53:42.764 5 4.599928 10.78093757 110.4191639 37.16 317.29 0.45 3.38 3110.826
8:53:50.764 5 4.599754 10.78103944 110.4191059 36.44 315.31 0.49 2.14 3110.837
8:53:58.764 5 4.600086 10.78113901 110.4190392 36.4 314.88 0.41 0.62 3110.823
8:54:6.764 5 4.600608 10.78124415 110.4189707 36.29 314.73 0.56 0.62 3110.837
8:54:14.764 5 4.60046 10.78135138 110.4189055 36.33 313.75 0.48 1.02 3110.824
8:54:22.764 5 4.600946 10.7814569 110.4188383 36.68 313.21 0.62 1.24 3110.849
8:54:30.764 5 4.60115 10.78155893 110.4187653 36.5 313.44 0.08 0.07 3110.836
8:54:38.764 5 4.60165 10.78155893 110.4187653 36.5 313.46 0.07 0.61 3110.816
8:54:46.764 5 4.601472 10.78176048 110.4186225 36.13 314.07 0.16 0.19 3110.833
8:54:54.764 5 4.602294 10.7818539 110.4185581 36.44 315.09 0.06 0.5 3110.805
8:55:2.764 5 4.60347 10.7819432 110.4185052 36.59 316.13 0.56 0.18 3110.809
8:55:10.764 5 4.603986 10.78202803 110.4184568 36.28 316.22 0.27 0.1 3110.83
8:55:18.764 5 4.604642 10.78210404 110.418411 36.29 315.59 0.05 0.48 3110.831
8:55:26.764 5 4.606904 10.78217991 110.4183777 37.04 315.77 0.82 0.22 3110.817
8:55:34.764 5 4.607204 10.78225076 110.4183351 36.12 315.98 0.48 0.95 3110.823
8:55:42.764 5 4.608762 10.78231758 110.4183068 36.42 316.18 0.22 0.7 3110.799
8:55:50.764 5 4.609724 10.7823795 110.4182791 36.11 316.11 0.27 0.49 3110.82
8:55:58.764 5 4.611016 10.78242967 110.4182732 36.39 315.66 0.21 0.98 3110.84
8:56:6.764 5 4.613386 10.78244955 110.418287 36.57 316.21 1.11 1.4 3110.828
8:56:14.764 5 4.61507 10.78245924 110.4182982 36.2 315.73 0.22 3.45 3110.821
8:56:22.764 5 4.617114 10.78248953 110.4183269 36.62 312.95 0.2 0.08 3110.856
8:56:30.764 5 4.618556 10.78251946 110.4183443 36.69 310.58 0.18 0.5 3110.857
8:56:38.764 5 4.620452 10.78251946 110.4183443 36.69 308.33 0.89 1.22 3110.84
8:56:46.764 5 4.6215 10.78258418 110.4183507 36.29 305.24 0.36 1.09 3110.828
8:56:54.764 5 4.622532 10.78262186 110.4183504 36.38 301.53 0.06 0.17 3110.853
8:57:2.764 5 4.623628 10.78262186 110.4183504 36.38 297.97 0.16 0.62 3110.855
8:57:10.764 5 4.623284 10.78270489 110.4183259 36.17 294.27 0.29 0.7 3110.836
8:57:18.764 5 4.623294 10.78274205 110.4182944 36.43 291.58 0.2 0.21 3110.845
8:57:26.764 5 4.623194 10.78278114 110.4182527 36.69 289.39 1.31 1.51 3110.841
8:57:34.764 5 4.621962 10.78282519 110.4181979 36.23 287.08 0.05 1.15 3110.831
8:57:42.764 5 4.62031 10.78282519 110.4181979 36.23 284.69 0.15 0.75 3110.822
8:57:50.764 5 4.619226 10.78282519 110.4181979 36.23 283.13 0.79 1.69 3110.833
8:57:58.764 5 4.617924 10.78282519 110.4181979 36.23 280.85 0.31 0.2 3110.84
8:58:6.764 5 4.615566 10.78297363 110.417956 36.37 278.71 0.11 0.43 3110.861
8:58:14.764 5 4.613362 10.78300468 110.4178865 36.45 276.85 0.27 0.29 3110.851
8:58:22.764 5 4.610656 10.78300468 110.4178865 36.45 275.26 0.18 0.41 3110.832
8:58:30.764 5 4.608128 10.78306122 110.4177372 36.41 273.39 0.2 0.6 3110.835
8:58:38.764 5 4.605446 10.78308028 110.4176618 36.46 271.79 0.3 0.25 3110.849
8:58:46.764 5 4.6031 10.78310072 110.4175916 36.52 270.26 0.53 0.32 3110.833
8:58:54.764 5 4.600938 10.78312014 110.4175255 36.55 269.09 0.53 0.7 3110.866
8:59:2.764 5 4.598916 10.78314337 110.4174611 36.51 267.63 0.07 0.35 3110.852
8:59:10.764 5 4.596516 10.78316013 110.4174006 36.11 266.25 0.5 0.15 3110.85
8:59:18.764 5 4.594422 10.78317341 110.417347 36.31 265.38 0.6 0.89 3110.862
8:59:26.764 5 4.593062 10.78318681 110.4172924 36.78 264.86 0.82 1.32 3110.819
8:59:34.764 5 4.590906 10.7832073 110.4172318 36.54 263.54 0.25 0.11 3110.835
8:59:42.764 5 4.588526 10.78322338 110.4171719 36.21 262.05 0.64 1.04 3110.842
8:59:50.764 5 4.58631 10.78323179 110.4171178 36.32 261.41 0.45 0.01 3110.842
8:59:58.764 5 4.584242 10.78323977 110.4170607 36.55 260.58 0.7 0.52 3110.831
9:0:6.764 5 4.581504 10.78324748 110.416995 36.47 259.4 0.15 0.12 3110.816
9:0:14.764 5 4.578274 10.78325253 110.4169252 36.4 258.3 0.22 0 3110.829
9:0:22.764 5 4.575506 10.78325336 110.4168534 36.56 258.04 0.53 0.61 3110.826
9:0:30.764 5 4.571302 10.78325807 110.4167697 35.99 257.46 0.45 0.24 3110.837
9:0:38.764 5 4.568682 10.78326004 110.4166965 36.63 258.48 0.32 0.46 3110.823
9:0:46.764 5 4.56506 10.78326115 110.4166131 36.52 259.06 0.26 0.5 3110.837
9:0:54.764 5 4.561056 10.78326023 110.4165247 36.49 260.29 0.07 0.35 3110.824
9:1:2.764 5 4.557114 10.78326023 110.4165247 36.49 262.38 0.08 0.46 3110.849
9:1:10.764 5 4.553304 10.78326125 110.4163361 36.58 264.77 0.64 0.18 3110.836
9:1:18.764 5 4.54908 10.78326326 110.4162338 36.26 266.99 0.12 0.19 3110.816
9:1:26.764 5 4.545494 10.78326646 110.4161307 36.54 270.15 0.37 0.18 3110.833
9:1:34.764 5 4.541944 10.78328188 110.4160249 36.42 273.14 0.05 0.05 3110.805
9:1:42.764 5 4.53865 10.78330151 110.4159178 36.4 275.84 0.1 0.19 3110.809
9:1:50.764 5 4.535266 10.78332319 110.415806 36.27 278.62 0.03 0.01 3110.83
9:1:58.764 5 4.533004 10.78335302 110.4156966 36.55 281.88 0.6 0.96 3110.831
9:2:6.764 5 4.530744 10.78335302 110.4156966 36.55 284.3 0.75 0.3 3110.817
9:2:14.764 5 4.528232 10.78343895 110.4154728 36.16 286.75 0.2 0.16 3110.823
9:2:22.764 5 4.527488 10.78349392 110.4153645 36.71 288.7 0.02 0.34 3110.799
9:2:30.764 5 4.525566 10.78349392 110.4153645 36.71 288.86 0.16 0 3110.82
9:2:38.764 5 4.524224 10.78359979 110.415144 36.39 288.62 0.39 1.06 3110.84
9:2:46.764 5 4.523784 10.78366341 110.4150375 36.66 288.74 0.38 0.01 3110.828
9:2:54.764 5 4.522284 10.78372341 110.4149345 36.31 288.41 0.07 0.38 3110.821
9:3:2.764 5 4.522746 10.78372341 110.4149345 36.31 288.57 0.3 0.96 3110.856
9:3:10.764 5 4.52137 10.78384655 110.4147394 36.35 287.92 0.27 1.19 3110.857
9:3:18.764 5 4.521282 10.78390033 110.4146477 36.39 288.09 0.02 0.22 3110.84
9:3:26.764 5 4.521074 10.78395212 110.4145576 36.4 288.32 0.25 0.59 3110.828
9:3:34.764 5 4.520988 10.78400871 110.4144723 36.22 288.51 0.47 0.22 3110.853
9:3:42.764 5 4.52096 10.78400871 110.4144723 36.22 289.16 0.26 0.07 3110.855
9:3:50.764 5 4.521266 10.78411526 110.4143188 36.48 289.23 0.04 0.36 3110.836
9:3:58.764 5 4.521184 10.78416416 110.4142504 36.31 287.77 0.53 0.67 3110.845
9:4:6.764 5 4.522702 10.78422296 110.4141882 36.94 286.57 0.35 0.1 3110.841
9:4:14.764 5 4.522362 10.78422296 110.4141882 36.94 286.12 0.55 1.14 3110.831
9:4:22.764 5 4.521704 10.7843308 110.4140281 36.13 285.93 0.17 0.24 3110.822
9:4:30.764 5 4.522884 10.78438211 110.4139452 36.93 286.54 0.64 0.14 3110.833
9:4:38.764 5 4.52245 10.78443749 110.4138553 36.34 287.07 0 0.03 3110.84
9:4:46.764 5 4.52272 10.78443749 110.4138553 36.34 287.25 0.42 0.55 3110.861
9:4:54.764 5 4.522692 10.78454753 110.4136702 36.63 287.07 0.41 0.5 3110.851
9:5:2.764 5 4.522508 10.78461041 110.4135686 36.41 286.87 0.1 0 3110.832
9:5:10.764 5 4.522656 10.78466731 110.4134635 36.45 286.56 0.04 0.22 3110.835
9:5:18.764 5 4.52291 10.78473008 110.4133564 36.54 286.96 0.67 0.22 3110.849
9:5:26.764 5 4.522288 10.78478623 110.4132403 35.96 287.51 0.18 1.04 3110.833
9:5:34.764 5 4.522806 10.78484974 110.413126 36.53 287.34 0.42 0.21 3110.866
9:5:42.764 5 4.523318 10.78484974 110.413126 36.53 287.36 0.62 0.52 3110.852
9:5:50.764 5 4.522952 10.78484974 110.413126 36.53 287.08 0.21 0.88 3110.85
9:5:58.764 5 4.523752 10.78484974 110.413126 36.53 287.41 0.69 1.44 3110.862
9:6:6.764 5 4.523092 10.78510478 110.4126362 36.05 287.35 0.71 0.35 3110.819
9:6:14.764 5 4.524326 10.78510478 110.4126362 36.05 288.48 0.29 0.81 3110.835
9:6:22.764 5 4.52491 10.78510478 110.4126362 36.05 288.58 0.28 0.49 3110.842
9:6:30.764 5 4.524958 10.78530746 110.4122598 36.32 287.74 0.02 0.05 3110.842
9:6:38.764 5 4.52662 10.78537635 110.41213 36.81 287.78 0.16 0.06 3110.831
9:6:46.764 5 4.526292 10.78544677 110.4119895 36.06 287.43 0.21 0.69 3110.816
9:6:54.764 5 4.526894 10.78550977 110.4118517 36.25 287.6 0.63 0.41 3110.829
9:7:2.764 5 4.528108 10.78557397 110.4117131 36.68 288.02 0.52 0.76 3110.826
9:7:10.764 5 4.529012 10.78557397 110.4117131 36.68 287.71 0.16 0.52 3110.837
9:7:18.764 5 4.529058 10.78557397 110.4117131 36.68 287.26 0.05 0.41 3110.823
9:7:26.764 5 4.531102 10.78557397 110.4117131 36.68 287.72 0.95 1.39 3110.837
9:7:34.764 5 4.531502 10.78557397 110.4117131 36.68 287.47 1.12 0 3110.824
9:7:42.764 5 4.533578 10.78557397 110.4117131 36.68 288.98 0.79 0.43 3110.849
9:7:50.764 5 4.53423 10.78596314 110.4109198 36.02 289.59 0.01 0.35 3110.836
9:7:58.764 5 4.536858 10.78602825 110.4108098 36.62 289.98 0.13 0.38 3110.816
9:8:6.764 5 4.538516 10.78609351 110.4106955 36.46 289.62 0.46 0.28 3110.833
9:8:14.764 5 4.540648 10.78609351 110.4106955 36.46 289.07 0.65 0.93 3110.805
9:8:22.764 5 4.542056 10.78622581 110.4104604 36.41 288.33 0.06 0.6 3110.809
9:8:30.764 5 4.544464 10.78628707 110.4103405 36.61 287.79 0.32 0.57 3110.83
9:8:38.764 5 4.545618 10.78628707 110.4103405 36.61 287.49 0.26 1.27 3110.831
9:8:46.764 5 4.548262 10.78628707 110.4103405 36.61 287.88 0.22 0.91 3110.817
9:8:54.764 5 4.550066 10.78628707 110.4103405 36.61 287.29 0.15 0.35 3110.823
9:9:2.764 5 4.551862 10.78628707 110.4103405 36.61 286.5 0.07 1.54 3110.799
9:9:10.764 5 4.554364 10.78628707 110.4103405 36.61 286.75 1.32 1.9 3110.82
9:9:18.764 5 4.556302 10.78628707 110.4103405 36.61 286.2 0.62 0.35 3110.84
9:9:26.764 5 4.558604 10.78628707 110.4103405 36.61 287.39 0.27 0.3 3110.828
9:9:34.764 5 4.5617 10.78678363 110.409357 36.6 287.66 0.03 0.5 3110.821
9:9:42.764 5 4.563082 10.78684461 110.4092301 35.78 287.75 0.17 0.43 3110.856
9:9:50.764 5 4.566502 10.78690149 110.4091095 36.39 288.41 0.11 0.91 3110.857
9:9:58.764 5 4.569774 10.78697266 110.4089906 36.84 288.78 0.5 1.26 3110.84
9:10:6.764 5 4.572296 10.78703788 110.4088682 36.32 288.69 0.09 0.34 3110.828
9:10:14.764 5 4.575552 10.78709857 110.4087463 36.26 288.82 0.07 1.13 3110.853
9:10:22.764 5 4.578696 10.78709857 110.4087463 36.26 288.08 0.72 0.54 3110.855
9:10:30.764 5 4.581702 10.78709857 110.4087463 36.26 287.17 0.05 1.74 3110.836
9:10:38.764 5 4.58441 10.78709857 110.4087463 36.26 287.14 0.51 0.1 3110.845
9:10:46.764 5 4.588586 10.78709857 110.4087463 36.26 287.76 1.36 0.55 3110.841
9:10:54.764 5 4.588586 10.78709857 110.4087463 36.26 288.52 0.62 0.09 3110.831
9:11:2.764 5 4.594838 10.78749073 110.4079959 36.11 288.47 0.43 0.74 3110.822
9:11:10.764 5 4.59872 10.78754222 110.4078837 36.39 288.76 0.59 1.59 3110.833
9:11:18.764 5 4.602702 10.78754222 110.4078837 36.39 288.01 0.09 0.09 3110.84
9:11:26.764 5 4.605614 10.78767701 110.4076547 36.11 287.67 0.51 0.37 3110.861
9:11:34.764 5 4.60994 10.78773735 110.4075427 36.5 288.35 1.17 0.11 3110.851
9:11:42.764 5 4.613532 10.78779826 110.4074273 36.21 288.55 0.11 0.32 3110.832
9:11:50.764 5 4.617196 10.78785945 110.4073162 36.33 288.6 0.03 0.32 3110.835
9:11:58.764 5 4.621814 10.78791742 110.407208 36.65 288.63 0.41 1.04 3110.849
9:12:6.764 5 4.624864 10.78791742 110.407208 36.65 287.42 0.5 0.66 3110.833
9:12:14.764 5 4.629234 10.78791742 110.407208 36.65 287.46 1.09 0.24 3110.866
9:12:22.764 5 4.633076 10.78791742 110.407208 36.65 287.6 0.84 1.12 3110.852
9:12:30.764 5 4.637038 10.78791742 110.407208 36.65 287.96 0.45 0.02 3110.85
9:12:38.764 5 4.641998 10.78791742 110.407208 36.65 288.69 0.34 0.18 3110.862
9:12:46.764 5 4.645642 10.7882932 110.4065364 36.41 288.22 0.72 1.22 3110.819
9:12:54.764 5 4.649722 10.78835069 110.4064366 36.44 287.87 0.12 0.87 3110.835
9:13:2.764 5 4.653926 10.78835069 110.4064366 36.44 287.67 0.25 0.6 3110.842
9:13:10.764 5 4.6577 10.78846447 110.4062329 36.21 286.58 0.44 0.7 3110.842
9:13:18.764 5 4.66156 10.78851651 110.4061321 36.48 284.89 0.26 0.59 3110.831
9:13:26.764 5 4.666082 10.78857317 110.4060345 36.84 282.64 0.34 0.95 3110.816
9:13:34.764 5 4.668842 10.78862217 110.4059291 36.37 279.32 0.31 1.31 3110.829
9:13:42.764 5 4.67169 10.78866692 110.4058287 36.41 276.45 0.12 1.45 3110.826
9:13:50.764 5 4.674468 10.7886963 110.4057264 36.31 276.24 0.14 0.23 3110.837
9:13:58.764 5 4.677898 10.78872332 110.4056267 36.34 279.16 0.61 1.72 3110.823
9:14:6.764 5 4.681482 10.78872332 110.4056267 36.34 283.82 0.29 0.91 3110.837
9:14:14.764 5 4.685268 10.78881306 110.4054251 36.29 290.38 0.11 0.13 3110.824
9:14:22.764 5 4.6909 10.78885827 110.4053355 36.76 294.59 0.81 1.34 3110.849
9:14:30.764 5 4.695082 10.78892649 110.4052498 36.48 291.96 0.43 0.67 3110.836
9:14:38.764 5 4.698562 10.78898465 110.4051675 36.33 284.29 0.07 0.73 3110.816
9:14:46.764 5 4.701958 10.78902938 110.4050849 36.56 275.6 0.68 0.01 3110.833
9:14:54.764 5 4.703436 10.78906334 110.4049981 36.14 268.61 0.02 0.01 3110.805
9:15:2.764 5 4.705718 10.78907893 110.4049187 36.63 264.25 0.27 1.09 3110.809
9:15:10.764 5 4.706518 10.78909434 110.4048335 36.36 259.99 0.46 0.61 3110.83
9:15:18.764 5 4.707276 10.7891037 110.4047558 36.45 256.46 0.7 0.04 3110.831
9:15:26.764 5 4.70753 10.78910201 110.4046774 36.38 253.38 0.1 0.55 3110.817
9:15:34.764 5 4.707498 10.7890991 110.4045946 36.49 250.43 0.05 0.15 3110.823
9:15:42.764 5 4.706614 10.78908466 110.4045097 36.38 247.48 0.24 0.29 3110.799
9:15:50.764 5 4.705618 10.78908466 110.4045097 36.38 243.69 0.63 0.09 3110.82
9:15:58.764 5 4.703722 10.78903257 110.4043293 36.47 239.42 0.04 0.14 3110.84
9:16:6.764 5 4.700658 10.7889888 110.4042311 36.28 235.15 0.58 0.24 3110.828
9:16:14.764 5 4.697558 10.78893486 110.4041383 36.53 231.89 0.49 0.29 3110.821
9:16:22.764 5 4.693142 10.78886839 110.4040397 36.34 228.56 0.24 0.28 3110.856
9:16:30.764 5 4.688094 10.78879013 110.4039427 36.34 225.67 0.13 0.59 3110.857
9:16:38.764 5 4.682776 10.78870008 110.4038458 36.48 224.73 0.72 0.65 3110.84
9:16:46.764 5 4.67657 10.78859912 110.4037471 36.3 223.91 0.33 0.53 3110.828
9:16:54.764 5 4.670818 10.7884957 110.4036507 36.55 223.38 0.75 0.05 3110.853
9:17:2.764 5 4.664166 10.78838377 110.4035475 36.33 223.27 0.16 0.15 3110.855
9:17:10.764 5 4.657476 10.78826911 110.4034445 36.27 223.7 0.23 0.01 3110.836
9:17:18.764 5 4.65132 10.78814907 110.4033402 36.46 225.03 0.51 0.59 3110.845
9:17:26.764 5 4.644844 10.78814907 110.4033402 36.46 227.16 0.12 0.51 3110.841
9:17:34.764 5 4.63928 10.78791951 110.4031134 36.39 228.68 0.1 0.43 3110.831
9:17:42.764 5 4.634072 10.78781167 110.4029963 36.42 229.49 0.11 0.14 3110.822
9:17:50.764 5 4.628782 10.78770521 110.4028765 36.35 230.13 0.06 0.1 3110.833
9:17:58.764 5 4.624004 10.7875992 110.4027612 36.43 230.53 0.28 0.61 3110.84
9:18:6.764 5 4.619186 10.78749616 110.4026383 36.4 230.31 0 0.38 3110.861
9:18:14.764 5 4.614984 10.78739621 110.4025192 36.57 230.28 0.76 0.59 3110.851
9:18:22.764 5 4.610238 10.78729175 110.4023949 36.28 229.69 0.3 0.85 3110.832
9:18:30.764 5 4.605646 10.78719221 110.4022745 36.41 228.58 0.2 0.19 3110.835
9:18:38.764 5 4.605646 10.78708861 110.4021575 36.57 227.94 0.35 0.24 3110.849
9:18:46.764 5 4.596782 10.78698075 110.4020389 36.49 227.09 0.2 0.34 3110.833
9:18:54.764 5 4.591822 10.78687121 110.4019208 36.24 226.87 0.32 0.16 3110.866
9:19:2.764 5 4.588144 10.78676529 110.4018108 36.71 227.08 0.33 0.59 3110.852
9:19:10.764 5 4.58352 10.78665742 110.4016999 36.27 227.19 0.06 0.47 3110.85
9:19:18.764 5 4.579484 10.78655408 110.4015933 36.39 227.53 0.29 0.54 3110.862
9:19:26.764 5 4.575544 10.78655408 110.4015933 36.39 229.12 0.29 0.82 3110.819
9:19:34.764 5 4.57226 10.78635212 110.4013761 36.34 230 0.2 0.21 3110.835
9:19:42.764 5 4.569026 10.78625665 110.4012684 36.45 230.72 0.55 0.24 3110.842
9:19:50.764 5 4.566764 10.78625665 110.4012684 36.45 231.4 0.06 0.34 3110.842
9:19:58.764 5 4.563712 10.78625665 110.4012684 36.45 231.17 0.3 0.36 3110.831
9:20:6.764 5 4.561342 10.78625665 110.4012684 36.45 231.25 0.2 0.26 3110.816
9:20:14.764 5 4.558964 10.78591089 110.4008449 36.38 231.05 0.25 0.25 3110.829
9:20:22.764 5 4.556758 10.78582582 110.4007401 36.51 230.7 0.05 0.68 3110.826
9:20:30.764 5 4.554552 10.78574194 110.4006341 36.42 230.47 0.07 0.36 3110.837
9:20:38.764 5 4.552412 10.78565593 110.4005285 36.41 230.8 0.28 0.48 3110.823
9:20:46.764 5 4.5503 10.78557142 110.4004219 36.26 231.51 0.16 0.11 3110.837
9:20:54.764 5 4.548662 10.78548618 110.4003165 36.44 232.66 0.17 0.21 3110.824
9:21:2.764 5 4.546944 10.78540324 110.4002082 36.28 233.34 0 0.15 3110.849
9:21:10.764 5 4.545468 10.78532118 110.4000982 36.39 233.71 0.15 0.23 3110.836
9:21:18.764 5 4.544606 10.78524145 110.399989 36.51 234.62 0.4 0.54 3110.816
9:21:26.764 5 4.543566 10.78516373 110.3998751 36.33 235.7 0.19 0.4 3110.833
9:21:34.764 5 4.542672 10.7850915 110.3997612 36.24 236.13 0.1 0.11 3110.805
9:21:42.764 5 4.542704 10.78501759 110.3996495 36.54 236.24 0.21 0.58 3110.809
9:21:50.764 5 4.541714 10.78494534 110.3995315 36.09 236.58 0.46 0.17 3110.83
9:21:58.764 5 4.54168 10.7848771 110.3994202 36.39 236.22 0.5 0.13 3110.831
9:22:6.764 5 4.541666 10.78480198 110.3993062 36.56 235.86 0.31 0.47 3110.817
9:22:14.764 5 4.540892 10.78480198 110.3993062 36.56 235.48 0.22 0.37 3110.823
9:22:22.764 5 4.54123 10.78465493 110.3990748 36.49 235.56 0.24 0.6 3110.799
9:22:30.764 5 4.540896 10.78457851 110.3989586 36.34 235.51 0.08 0.31 3110.82
9:22:38.764 5 4.54066 10.78450287 110.3988443 36.23 235.53 0.5 0.02 3110.84
9:22:46.764 5 4.540948 10.78442907 110.398731 36.33 236.21 0.09 0.05 3110.828
9:22:54.764 5 4.540656 10.78435285 110.3986151 36.15 236.56 0.15 0.22 3110.821
9:23:2.764 5 4.541968 10.78427953 110.3985028 36.71 236.85 0.55 0.54 3110.856
9:23:10.764 5 4.541868 10.78420731 110.3983827 36.23 236.93 0.09 0.16 3110.857
9:23:18.764 5 4.542458 10.78413585 110.3982667 36.25 236.57 0.13 0.19 3110.84
9:23:26.764 5 4.542866 10.78405935 110.3981499 36.21 236.03 0.13 0.51 3110.828
9:23:34.764 5 4.543256 10.78398053 110.3980325 36.26 235.7 0.26 0.71 3110.853
9:23:42.764 5 4.544386 10.78390613 110.3979168 36.44 235.74 0.43 0.37 3110.855
9:23:50.764 5 4.54457 10.78382863 110.3977949 36.21 235.58 0.15 0.52 3110.836
9:23:58.764 5 4.545786 10.78374786 110.3976768 36.57 236.06 0.47 0.18 3110.845
9:24:6.764 5 4.546726 10.78366716 110.3975549 36.38 236.61 0.18 0.04 3110.841
9:24:14.764 5 4.547758 10.78366716 110.3975549 36.38 237.46 0.5 0.75 3110.831
9:24:22.764 5 4.549196 10.78366716 110.3975549 36.38 237.7 0.14 0.03 3110.822
9:24:30.764 5 4.55068 10.78342643 110.3971786 36.36 238.16 0.26 0.44 3110.833
9:24:38.764 5 4.552266 10.78334714 110.397049 36.3 238.39 0.08 0.04 3110.84
9:24:46.764 5 4.554304 10.78326942 110.3969182 36.55 238.63 0.52 0.16 3110.861
9:24:54.764 5 4.556266 10.78318967 110.396786 36.39 238.51 0.4 0.21 3110.851
9:25:2.764 5 4.558388 10.78311152 110.3966545 36.35 238.66 0.1 0.03 3110.832
9:25:10.764 5 4.56076 10.78303281 110.3965213 36.45 238.81 0.09 0.07 3110.835
9:25:18.764 5 4.563106 10.78295191 110.3963896 36.3 238.9 0.18 0.92 3110.849
9:25:26.764 5 4.565748 10.78287349 110.396254 36.55 238.66 0.08 0.69 3110.833
9:25:34.764 5 4.568404 10.78279672 110.3961204 36.52 238.38 0.55 0.31 3110.866
9:25:42.764 5 4.570826 10.78271613 110.3959845 36.32 238.33 0.3 0.27 3110.852
9:25:50.764 5 4.573866 10.78263615 110.3958525 36.51 238.03 0.22 0.21 3110.85
9:25:58.764 5 4.576402 10.78255477 110.3957194 36.32 237.72 0.42 0.12 3110.862
9:26:6.764 5 4.579202 10.78247385 110.3955894 36.24 237.19 0.02 0.52 3110.819
9:26:14.764 5 4.582138 10.78239327 110.3954607 36.34 236.59 0.03 0.64 3110.835
9:26:22.764 5 4.584702 10.7823108 110.3953307 36.23 236.05 0.09 0.79 3110.842
9:26:30.764 5 4.587832 10.78222936 110.3952038 36.46 235.19 0.56 0.55 3110.842
9:26:38.764 5 4.590448 10.78214434 110.3950735 36.38 233.8 0.01 0.38 3110.831
9:26:46.764 5 4.593162 10.78205366 110.3949468 36.39 233.01 0.04 0.28 3110.816
9:26:54.764 5 4.596108 10.78205366 110.3949468 36.39 232.69 0.63 0.07 3110.829
9:27:2.764 5 4.598596 10.78205366 110.3949468 36.39 231.89 0.27 0.02 3110.826
9:27:10.764 5 4.601054 10.78178594 110.3945813 36.33 230.26 0.25 0.4 3110.837
9:27:18.764 5 4.603172 10.78169636 110.3944709 36.36 228.91 0.4 0.8 3110.823
9:27:26.764 5 4.605518 10.78160471 110.3943628 36.45 227.99 0.33 0.48 3110.837
9:27:34.764 5 4.607286 10.78150822 110.3942525 36.3 226.83 0.22 0.01 3110.824
9:27:42.764 5 4.609196 10.78140879 110.3941476 36.26 226.07 0.12 0.07 3110.849
9:27:50.764 5 4.611088 10.7813082 110.3940426 36.39 224.64 0.37 0.24 3110.836
9:27:58.764 5 4.612812 10.78120169 110.3939405 36.44 223.3 0.23 0.41 3110.816
9:28:6.764 5 4.614162 10.78109332 110.3938401 36.4 221.81 0.47 0.28 3110.833
9:28:14.764 5 4.615508 10.78098258 110.3937449 36.5 220.19 0.42 0.05 3110.805
9:28:22.764 5 4.616142 10.7808638 110.3936515 36.35 218.72 0.17 0.6 3110.809
9:28:30.764 5 4.617048 10.78074484 110.3935648 36.52 217.09 0.41 0.6 3110.83
9:28:38.764 5 4.617534 10.78062151 110.3934784 36.33 216.21 0.34 0.51 3110.831
9:28:46.764 5 4.61781 10.78049692 110.3933968 36.34 215.04 0.29 0.28 3110.817
9:28:54.764 5 4.618294 10.78037424 110.3933226 36.51 213.64 0.12 0.42 3110.823
9:29:2.764 5 4.617966 10.78025008 110.39325 36.38 212.07 0.16 0.21 3110.799
9:29:10.764 5 4.618038 10.78012803 110.3931841 36.53 210.69 0.1 0.04 3110.82
9:29:18.764 5 4.617382 10.78000142 110.3931204 36.26 209.43 0.23 0.1 3110.84
9:29:26.764 5 4.617316 10.77987649 110.3930647 36.51 208.46 0.56 0.34 3110.828
9:29:34.764 5 4.616626 10.77974489 110.3930095 36.35 207.99 0.13 0.69 3110.821
9:29:42.764 5 4.61593 10.77961637 110.3929543 36.18 208.1 0.22 0.64 3110.856
9:29:50.764 5 4.615404 10.77948523 110.3929009 36.3 207.97 0.06 0.33 3110.857
9:29:58.764 5 4.614862 10.77935062 110.3928479 36.37 208.65 0.27 0.84 3110.84
9:30:6.764 5 4.614822 10.77921841 110.3927936 36.53 209.22 0.08 0.47 3110.828
9:30:14.764 5 4.614426 10.77908786 110.3927364 36.43 208.47 0.5 0.5 3110.853
9:30:22.764 5 4.614366 10.77908786 110.3927364 36.43 207.8 0.26 0.55 3110.855
9:30:30.764 5 4.613876 10.77881878 110.3926357 36.19 207.65 0.13 0.16 3110.836
9:30:38.764 5 4.613848 10.77868276 110.3925849 36.37 207.51 0.15 1.05 3110.845
9:30:46.764 5 4.614234 10.77868276 110.3925849 36.37 207.13 0.45 1.63 3110.841
9:30:54.764 5 4.613694 10.77840538 110.3924799 36.2 206.9 0.33 1.7 3110.831
9:31:2.764 5 4.613708 10.77840538 110.3924799 36.2 205.86 0.13 0.65 3110.822
9:31:10.764 5 4.61401 10.77812962 110.3923776 36.52 205.2 0.36 0.66 3110.833
9:31:18.764 5 4.613542 10.77798684 110.3923273 36.21 204.68 0.14 0.4 3110.84
9:31:26.764 5 4.613694 10.77798684 110.3923273 36.21 204.13 0.35 0.5 3110.861
9:31:34.764 5 4.613936 10.77770336 110.3922362 36.54 203.52 0.1 0.63 3110.851
9:31:42.764 5 4.613502 10.777559 110.3921918 36.32 202.99 0.16 0.71 3110.832
9:31:50.764 5 4.61383 10.77742287 110.3921516 36.71 201.4 0.73 0.27 3110.835
9:31:58.764 5 4.612844 10.777277 110.3921175 36.34 200.91 0.02 0.71 3110.849
9:32:6.764 5 4.612866 10.77713873 110.3920849 36.51 200.85 0.59 0.07 3110.833
9:32:14.764 5 4.612372 10.77699314 110.3920511 36.37 200.76 0.23 0.3 3110.866
9:32:22.764 5 4.612722 10.77699314 110.3920511 36.37 200.66 0.39 0.96 3110.852
9:32:30.764 5 4.612586 10.77670434 110.3919834 36.25 200.78 0.23 1.14 3110.85
9:32:38.764 5 4.612586 10.77655781 110.3919469 36.33 201.2 0.09 1.63 3110.862
9:32:46.764 5 4.613866 10.77641211 110.3919098 36.61 201.62 0.65 1.93 3110.819
9:32:54.764 5 4.614352 10.77626466 110.3918673 36.5 201.91 0.26 1.11 3110.835
9:33:2.764 5 4.61488 10.77611926 110.3918263 36.31 202.02 0.5 0.07 3110.842
9:33:10.764 5 4.616128 10.77597354 110.3917874 36.62 201.51 0.36 0.32 3110.842
9:33:18.764 5 4.616582 10.7758209 110.3917516 36.31 201.34 0.52 1.13 3110.831
9:33:26.764 5 4.61717 10.7758209 110.3917516 36.31 200.14 0.23 0.71 3110.816
9:33:34.764 5 4.61841 10.77553083 110.391679 36.69 199.08 0.5 0.16 3110.829
9:33:42.764 5 4.6187 10.77538088 110.3916492 36.35 198.25 0.12 0.35 3110.826
9:33:50.764 5 4.619686 10.77523805 110.3916197 36.62 196.85 0.4 0.05 3110.837
9:33:58.764 5 4.620192 10.77509071 110.391594 36.45 195.57 0.4 0.2 3110.823
9:34:6.764 5 4.620452 10.77494579 110.3915723 36.22 194.51 0.16 0.6 3110.837
9:34:14.764 5 4.62114 10.77480066 110.3915548 36.46 194.07 0.46 1.28 3110.824
9:34:22.764 5 4.621548 10.77465518 110.3915321 36.38 193.78 0.24 0.45 3110.849
9:34:30.764 5 4.622162 10.77451115 110.391514 36.4 193.74 0.55 0.36 3110.836
9:34:38.764 5 4.622504 10.77436563 110.3914943 36.27 193.48 0.18 0.09 3110.816
9:34:46.764 5 4.623264 10.77422244 110.3914782 36.38 193.25 0.16 0.03 3110.833
9:34:54.764 5 4.624252 10.77408054 110.3914627 36.48 193.35 0.57 0.16 3110.805
9:35:2.764 5 4.624686 10.77408054 110.3914627 36.48 193.69 0.07 0.81 3110.809
9:35:10.764 5 4.62584 10.77379539 110.3914328 36.62 192.88 0.03 0.7 3110.83
9:35:18.764 5 4.62625 10.77379539 110.3914328 36.62 191.74 0.16 1.09 3110.831
9:35:26.764 5 4.627224 10.77351777 110.3914073 36.47 190.48 0.91 0.14 3110.817
9:35:34.764 5 4.627804 10.77337486 110.3913972 36.53 190.08 0.17 0.25 3110.823
9:35:42.764 5 4.628718 10.77323692 110.3913908 36.56 188.93 0.67 0 3110.799
9:35:50.764 5 4.628966 10.77323692 110.3913908 36.56 187.6 0.51 0.94 3110.82
9:35:58.764 5 4.629064 10.77323692 110.3913908 36.56 186.15 0 0.68 3110.84
9:36:6.764 5 4.629824 10.77323692 110.3913908 36.56 185.43 0.01 0.92 3110.828
9:36:14.764 5 4.62946 10.77323692 110.3913908 36.56 185.06 0.15 0.64 3110.821
9:36:22.764 5 4.630116 10.77254698 110.391394 36.6 183.68 0.59 0.09 3110.856
9:36:30.764 5 4.630294 10.77254698 110.391394 36.6 182.8 0.1 1.68 3110.857
9:36:38.764 5 4.629604 10.77227195 110.3914238 36.12 182.27 0.45 2.28 3110.84
9:36:46.764 5 4.63008 10.77214414 110.3914328 36.54 180.91 0.73 0.55 3110.828
9:36:54.764 5 4.629504 10.77200777 110.3914486 36.11 179.97 0.07 0.63 3110.853
9:37:2.764 5 4.629218 10.77187751 110.3914655 36.32 178.41 0.24 0.13 3110.855
9:37:10.764 5 4.629244 10.77174432 110.3914871 36.64 177.71 0.6 0.05 3110.836
9:37:18.764 5 4.628688 10.77160738 110.3915146 36.46 177.76 0.19 0.78 3110.845
9:37:26.764 5 4.628746 10.77147528 110.3915407 36.44 177.8 0.45 0.65 3110.841
9:37:34.764 5 4.628566 10.77133821 110.3915659 36.29 177.67 0.19 0.95 3110.831
9:37:42.764 5 4.628456 10.77133821 110.3915659 36.29 177.07 0.32 0.15 3110.822
9:37:50.764 5 4.628566 10.77106704 110.3916111 36.39 177.39 0.3 0.57 3110.833
9:37:58.764 5 4.629036 10.77093143 110.3916339 36.77 177.31 0.26 0.46 3110.84
9:38:6.764 5 4.62897 10.77079104 110.3916652 36.26 178.03 0.61 2.13 3110.861
9:38:14.764 5 4.629424 10.77079104 110.3916652 36.26 177.91 0.64 1.8 3110.851
9:38:22.764 5 4.630028 10.77051888 110.3917067 36.47 177.26 0.86 0.77 3110.832
9:38:30.764 5 4.6304 10.77037836 110.391733 36.51 176.79 0.44 1.22 3110.835
9:38:38.764 5 4.630882 10.77024139 110.3917551 36.43 176.05 0.13 0.37 3110.849
9:38:46.764 5 4.631608 10.77010607 110.3917792 36.49 175.64 0.13 0.69 3110.833
9:38:54.764 5 4.631762 10.77010607 110.3917792 36.49 175.82 0.05 0.02 3110.866
9:39:2.764 5 4.632882 10.76983589 110.3918378 36.77 173.92 0.69 0.32 3110.852
9:39:10.764 5 4.6326 10.76969794 110.3918805 36.28 173.12 0.66 2.27 3110.85
9:39:18.764 5 4.633228 10.76956908 110.3919123 36.44 171.21 1.45 1.07 3110.862
9:39:26.764 5 4.632984 10.76943433 110.3919506 36.3 171.03 0.02 0.8 3110.819
9:39:34.764 5 4.63296 10.7693015 110.3919851 36.23 171.31 0.25 0.29 3110.835
9:39:42.764 5 4.633676 10.76917097 110.3920284 36.49 171.44 0.19 0.66 3110.842
9:39:50.764 5 4.63402 10.76903778 110.392068 36.3 171.11 0.13 0.94 3110.842
9:39:58.764 5 4.634586 10.76890544 110.3921077 36.29 170.05 0.35 1.02 3110.831
9:40:6.764 5 4.634906 10.7687711 110.3921448 36.22 168.91 0.17 0.59 3110.816
9:40:14.764 5 4.635358 10.76863719 110.3921913 36.45 167.8 0.13 1.07 3110.829
9:40:22.764 5 4.635538 10.76850536 110.3922391 36.33 166.34 0.58 0.75 3110.826
9:40:30.764 5 4.635824 10.76837011 110.3922853 36.58 165.53 0.13 0.15 3110.837
9:40:38.764 5 4.636158 10.76823743 110.3923455 36.51 165.27 0.19 1.61 3110.823
9:40:46.764 5 4.635668 10.76810107 110.3923997 36.06 165.21 0.31 1.48 3110.837
9:40:54.764 5 4.636228 10.76796869 110.3924507 36.48 164.33 0.53 0.02 3110.824
9:41:2.764 5 4.635408 10.76783428 110.3925139 36.04 164.02 0.95 0.69 3110.849
9:41:10.764 5 4.635664 10.76770709 110.3925726 36.48 162.94 0.61 0.18 3110.836
9:41:18.764 5 4.635782 10.76770709 110.3925726 36.48 161.91 0.05 0.81 3110.816
9:41:26.764 5 4.634982 10.76770709 110.3925726 36.48 160.64 0.43 0.51 3110.833
9:41:34.764 5 4.6347 10.76731682 110.3927779 36.5 159.14 0.03 0.6 3110.805
9:41:42.764 5 4.6334 10.76718827 110.3928584 36.07 158.26 0.71 1.33 3110.809
9:41:50.764 5 4.63282 10.7670661 110.3929328 36.45 156.62 0.69 0 3110.83
9:41:58.764 5 4.631302 10.76694104 110.3930165 36.26 155.35 0.12 0.1 3110.831
9:42:6.764 5 4.63079 10.76682399 110.3931094 36.97 153.44 0.31 1.6 3110.817
9:42:14.764 5 4.62867 10.76670464 110.393209 36.06 153.28 0.48 2.75 3110.823
9:42:22.764 5 4.627144 10.76670464 110.393209 36.06 152.69 0.18 0.96 3110.799
9:42:30.764 5 4.625978 10.76646858 110.3933869 36.46 152.23 0.45 0.59 3110.82
9:42:38.764 5 4.624228 10.7663514 110.3934855 36.29 152.23 0.26 0.79 3110.84
9:42:46.764 5 4.622996 10.76623988 110.3935769 36.5 151.5 1.13 0.31 3110.828
9:42:54.764 5 4.621584 10.76612731 110.39368 36.7 150.98 0.43 1.26 3110.821
9:43:2.764 5 4.619722 10.76601956 110.3937875 36.14 151.55 0.1 2.62 3110.856
9:43:10.764 5 4.618938 10.76591017 110.3938764 36.65 150.73 0.77 0.41 3110.857
9:43:18.764 5 4.617362 10.76579941 110.3939745 36.21 150.57 0.14 0.04 3110.84
9:43:26.764 5 4.615652 10.76568831 110.3940734 36 151 0.68 0.48 3110.828
9:43:34.764 5 4.614934 10.76558352 110.3941726 36.32 151.17 0.08 1.23 3110.853
9:43:42.764 5 4.613822 10.76547404 110.3942668 36.26 151.15 0.25 0.28 3110.855
9:43:50.764 5 4.613148 10.76536692 110.3943622 36.6 150.85 0.55 0.28 3110.836
9:43:58.764 5 4.612584 10.76526032 110.3944599 36.67 150.82 0.78 0.17 3110.845
9:44:6.764 5 4.611836 10.76515415 110.3945621 36.53 150.91 0.1 1.25 3110.841
9:44:14.764 5 4.61085 10.76504696 110.3946573 36.13 150.82 0.02 1.15 3110.831
9:44:22.764 5 4.611064 10.76494267 110.394752 36.7 150.49 0.49 1.64 3110.822
9:44:30.764 5 4.61032 10.76483528 110.3948504 36.22 150.68 0.3 1.73 3110.833
9:44:38.764 5 4.609588 10.76472725 110.394941 36.03 150.54 0.26 0.73 3110.84
9:44:46.764 5 4.609826 10.76462434 110.3950329 36.55 149.94 0.72 0.12 3110.861
9:44:54.764 5 4.609894 10.76452076 110.3951331 36.65 150.08 0.15 1.24 3110.851
9:45:2.764 5 4.60862 10.76441574 110.395226 35.75 150.11 0.02 0.53 3110.832
9:45:10.764 5 4.609 10.76431346 110.3953178 36.5 150.63 0.3 0.77 3110.835
9:45:18.764 5 4.609228 10.76421355 110.3954195 36.53 151.17 0.1 0.71 3110.849
9:45:26.764 5 4.609222 10.76411185 110.3955137 36.22 151.25 0.48 0.05 3110.833
9:45:34.764 5 4.610018 10.7640078 110.3956017 36.61 150.63 0.61 0.54 3110.866
9:45:42.764 5 4.610004 10.76390356 110.3956976 36.21 150.68 0.18 0.22 3110.852
9:45:50.764 5 4.610396 10.76379734 110.3957899 36.16 151.08 0.55 0.93 3110.85
9:45:58.764 5 4.61143 10.76369732 110.3958843 36.43 150.58 0.48 1.58 3110.862
9:46:6.764 5 4.611836 10.76359228 110.3959753 36.35 150.19 0.05 0.98 3110.819
9:46:14.764 5 4.612834 10.7634925 110.396067 36.59 149.05 0.38 0.06 3110.835
9:46:22.764 5 4.612684 10.76338778 110.3961618 36.03 148.68 0.36 0.42 3110.842
9:46:30.764 5 4.613444 10.7632861 110.3962547 36.31 148.68 0.09 0.98 3110.842
9:46:38.764 5 4.614668 10.7632861 110.3962547 36.31 148.38 0.13 0.39 3110.831
9:46:46.764 5 4.615304 10.76308822 110.3964615 36.33 147.6 0.15 0.82 3110.816
9:46:54.764 5 4.615988 10.76298549 110.3965595 36.2 146.06 0.8 0.89 3110.829
9:47:2.764 5 4.616684 10.76298549 110.3965595 36.2 145.41 0.17 1.41 3110.826
9:47:10.764 5 4.61671 10.76278468 110.3967734 36.22 145.12 0.12 1.8 3110.837
9:47:18.764 5 4.617752 10.76269412 110.3968886 36.75 144.05 0.34 2.26 3110.823
9:47:26.764 5 4.61772 10.76269412 110.3968886 36.75 143.95 0.33 0.11 3110.837
9:47:34.764 5 4.617964 10.7624919 110.3971057 36.26 143.3 0.01 0.33 3110.824
9:47:42.764 5 4.618638 10.7624919 110.3971057 36.26 142.05 0.48 1.14 3110.849
9:47:50.764 5 4.618734 10.76230735 110.3973395 36.22 141.42 0.66 0.53 3110.836
9:47:58.764 5 4.619364 10.76221367 110.3974573 36.53 140.33 0.29 0.5 3110.816
9:48:6.764 5 4.619368 10.76212169 110.3975792 36.25 138.93 0.1 0.62 3110.833
9:48:14.764 5 4.619522 10.76203001 110.3976998 36.19 137.37 0.1 0.25 3110.805
9:48:22.764 5 4.619782 10.76194087 110.3978254 36.22 135.59 0.11 0.38 3110.809
9:48:30.764 5 4.619482 10.76185037 110.3979498 35.93 134.39 0.22 0.55 3110.83
9:48:38.764 5 4.619168 10.76175846 110.3980783 36 134.63 0.76 0.62 3110.831
9:48:46.764 5 4.619584 10.76168434 110.3982169 36.45 134.51 0.25 1.8 3110.817
9:48:54.764 5 4.619994 10.76160464 110.3983473 36.72 133.03 0.85 1.62 3110.823
9:49:2.764 5 4.620168 10.76152435 110.3984824 36.65 131.56 0.82 1.85 3110.799
9:49:10.764 5 4.619964 10.76144219 110.3986172 36.18 130.77 0.34 1.96 3110.82
9:49:18.764 5 4.619646 10.76135851 110.3987456 36.15 129.17 0.46 0.8 3110.84
9:49:26.764 5 4.619262 10.76127457 110.3988791 36.12 129.01 0.38 0.62 3110.828
9:49:34.764 5 4.6199 10.76120651 110.3990184 36.59 128.03 0.19 0.58 3110.821
9:49:42.764 5 4.618964 10.76112869 110.3991522 36.04 125.75 0.18 0.1 3110.856
9:49:50.764 5 4.618922 10.76106605 110.3992939 36.45 124.29 0.29 1.62 3110.857
9:49:58.764 5 4.618884 10.76100567 110.3994335 36.59 123.38 0.49 2.32 3110.84
9:50:6.764 5 4.617948 10.76093663 110.3995701 36.25 122.19 0.34 0.05 3110.828
9:50:14.764 5 4.617472 10.76087495 110.3997116 36.33 121.43 0.25 0.05 3110.853
9:50:22.764 5 4.616594 10.76081496 110.3998528 36.28 120.29 0.45 0.83 3110.855
9:50:30.764 5 4.616264 10.7607612 110.3999982 36.68 118.23 0.56 0.54 3110.836
9:50:38.764 5 4.614538 10.76071059 110.4001482 36.01 110.1 0.41 0.05 3110.845
9:50:46.764 5 4.613044 10.76066161 110.4002948 36.02 114.36 0.53 0.36 3110.841
9:50:54.764 5 4.611898 10.76061916 110.4004436 36.27 113.29 0.2 0.06 3110.831
9:51:2.764 5 4.61002 10.76057818 110.4005941 36.27 111.46 0.1 1.17 3110.822
9:51:10.764 5 4.608004 10.76054506 110.4007477 36.2 110.08 0.31 0.52 3110.833
9:51:18.764 5 4.606526 10.76052048 110.4009033 36.72 108.39 0.43 0.61 3110.84
9:51:26.764 5 4.604328 10.76049393 110.4010561 36.58 106.39 0.63 0.11 3110.861
9:51:34.764 5 4.601818 10.7604692 110.401211 36.5 104.54 0.36 0.49 3110.851
9:51:42.764 5 4.59939 10.76045203 110.4013656 36.45 103.02 0.36 0.3 3110.832
9:51:50.764 5 4.596762 10.76043658 110.4015211 36.37 102.07 0.02 0.27 3110.835
9:51:58.764 5 4.59402 10.76042501 110.4016752 36.23 101.93 0.32 0.71 3110.849
9:52:6.764 5 4.591928 10.76041442 110.4018277 36.54 101.72 0.64 0.5 3110.833
9:52:14.764 5 4.589002 10.76040338 110.4019826 36.13 102.33 0.07 0.33 3110.866
9:52:22.764 5 4.587344 10.76039729 110.4021327 36.6 102.81 0.73 0.36 3110.852
9:52:30.764 5 4.584782 10.76038668 110.4022829 36.08 103.88 0.1 0.29 3110.85
9:52:38.764 5 4.582882 10.76037681 110.4024288 36.22 104.7 0.04 0.51 3110.862
9:52:46.764 5 4.581264 10.76037681 110.4024288 36.22 105.97 0.17 2.09 3110.819
9:52:54.764 5 4.580022 10.76035888 110.4027136 36.4 106.5 0.21 2.47 3110.835
9:53:2.764 5 4.578624 10.76035888 110.4027136 36.4 106.94 0.56 1.44 3110.842
9:53:10.764 5 4.577648 10.76032987 110.4029865 36.47 107.45 0.42 1.37 3110.842
9:53:18.764 5 4.576088 10.76032987 110.4029865 36.47 107.46 0.1 0.33 3110.831
9:53:26.764 5 4.57533 10.76030141 110.403254 36.48 107.56 0.14 1.68 3110.816
9:53:34.764 5 4.574664 10.76029255 110.4033845 36.37 106.98 0.29 1.56 3110.829
9:53:42.764 5 4.573716 10.76027276 110.4035167 36.21 106.82 0.15 1.59 3110.826
9:53:50.764 5 4.572798 10.76025474 110.4036476 36.24 106.46 0.08 0.41 3110.837
9:53:58.764 5 4.572264 10.7602394 110.4037769 36.53 105.93 0.22 0.16 3110.823
9:54:6.764 5 4.571778 10.7602394 110.4037769 36.53 105.88 0.22 1.48 3110.837
9:54:14.764 5 4.571014 10.7602394 110.4037769 36.53 105.4 0.46 0.01 3110.824
9:54:22.764 5 4.569992 10.76020362 110.4041838 36.17 105 0.14 0.5 3110.849
9:54:30.764 5 4.56917 10.76019261 110.4043221 36.15 104.84 0.4 0.1 3110.836
9:54:38.764 5 4.568726 10.7601851 110.4044605 36.35 105.11 0.07 0.45 3110.816
9:54:46.764 5 4.568158 10.76017351 110.4046001 36.42 104.92 0.18 0.02 3110.833
9:54:54.764 5 4.567658 10.76016337 110.4047406 36.39 104.82 0.45 0.03 3110.805
9:55:2.764 5 4.5673 10.76015591 110.4048852 36.34 105.39 0.12 1.46 3110.809
9:55:10.764 5 4.567346 10.76014841 110.4050278 36.47 105.61 0.45 2.13 3110.83
9:55:18.764 5 4.567374 10.76013639 110.4051733 36.47 106.2 0.02 2.96 3110.831
9:55:26.764 5 4.567922 10.76012316 110.4053155 36.56 106.36 0.82 2.19 3110.817
9:55:34.764 5 4.567786 10.76010157 110.4054586 36.21 106.04 0.15 0.78 3110.823
9:55:42.764 5 4.567954 10.76008815 110.4056038 36.03 106.41 0.2 1.33 3110.799
9:55:50.764 5 4.568734 10.76008815 110.4056038 36.03 105.92 0.29 0.17 3110.82
9:55:58.764 5 4.569096 10.76008815 110.4056038 36.03 105.08 0.35 1.38 3110.84
9:56:6.764 5 4.569824 10.76003396 110.4060286 36.33 103.98 0.33 0.86 3110.828
9:56:14.764 5 4.570268 10.76003396 110.4060286 36.33 102.37 0.06 1.1 3110.821
9:56:22.764 5 4.57064 10.76003396 110.4060286 36.33 101.53 0.02 0.2 3110.856
9:56:30.764 5 4.571262 10.76003396 110.4060286 36.33 100.12 0.05 0.55 3110.857
9:56:38.764 5 4.57167 10.75999463 110.4066146 36.52 98.78 0.19 0.57 3110.84
9:56:46.764 5 4.571878 10.75999463 110.4066146 36.52 98.24 0.02 1.08 3110.828
9:56:54.764 5 4.572288 10.75999068 110.4069145 36.37 97.44 0.07 1.2 3110.853
9:57:2.764 5 4.572454 10.75998794 110.4070654 36.43 95.95 0.01 0.71 3110.855
9:57:10.764 5 4.572746 10.75999309 110.4072178 36.39 94.87 0.33 1.33 3110.836
9:57:18.764 5 4.572824 10.75999929 110.4073728 36.56 93.79 0.13 2.08 3110.845
9:57:26.764 5 4.573154 10.75999929 110.4073728 36.56 93.33 0.55 3.4 3110.841
9:57:34.764 5 4.573364 10.76002231 110.4076815 36.77 92.18 0.97 2.63 3110.831
9:57:42.764 5 4.573326 10.76003296 110.4078368 36.48 90.78 0.91 2 3110.822
9:57:50.764 5 4.572888 10.76003296 110.4078368 36.48 89.48 0.2 0.85 3110.833
9:57:58.764 5 4.572662 10.76005656 110.4081523 36.27 89.12 0.07 1.11 3110.84
9:58:6.764 5 4.57305 10.76007909 110.4083085 36.57 88.87 0.52 1.25 3110.861
9:58:14.764 5 4.572722 10.76007909 110.4083085 36.57 87.97 0.12 0.08 3110.851
9:58:22.764 5 4.57307 10.76011734 110.4086242 36.6 87.58 0.41 0.22 3110.832
9:58:30.764 5 4.572692 10.76013865 110.4087831 36.33 87.31 0.28 0.29 3110.835
9:58:38.764 5 4.572788 10.76016596 110.4089427 36.59 86.29 0.09 0.05 3110.849
9:58:46.764 5 4.572662 10.76019642 110.4091021 36.41 85.92 0.01 1.21 3110.833
9:58:54.764 5 4.572852 10.76023064 110.4092617 36.43 85.62 0.15 2.07 3110.866
9:59:2.764 5 4.572962 10.76025591 110.4094208 36.36 84.5 0.58 0.76 3110.852
9:59:10.764 5 4.572392 10.76028262 110.4095858 36.09 83.68 0.49 0.42 3110.85
9:59:18.764 5 4.572468 10.76032187 110.4097447 36.25 83.15 0.16 1.4 3110.862
9:59:26.764 5 4.572436 10.76035781 110.4099027 36.38 81.63 0.33 0.95 3110.819
9:59:34.764 5 4.572242 10.76039667 110.4100612 36.42 80.51 0.2 1.34 3110.835
9:59:42.764 5 4.572066 10.76043569 110.4102186 36.55 79.15 0.1 1.68 3110.842
9:59:50.764 5 4.571948 10.76043569 110.4102186 36.55 77.74 0.21 2.79 3110.842
9:59:58.764 5 4.571768 10.76052416 110.4105243 36.59 76.66 0.83 2.21 3110.831
10:0:6.764 5 4.571814 10.76056723 110.4106723 36.7 75.49 1.08 0.3 3110.816
10:0:14.764 5 4.570922 10.76060937 110.4108229 36.31 74.76 0.01 1.05 3110.829
10:0:22.764 5 4.570782 10.76060937 110.4108229 36.31 74.36 0.27 0.6 3110.826
10:0:30.764 5 4.570572 10.76060937 110.4108229 36.31 73.62 0 0.43 3110.837
10:0:38.764 5 4.570024 10.76076292 110.4112512 36.25 72.87 0.09 0.34 3110.823
10:0:46.764 5 4.569788 10.76081619 110.4113919 36.35 72.2 0.14 1.16 3110.837
10:0:54.764 5 4.569752 10.76087355 110.4115306 36.55 71.29 0.08 2.64 3110.824
10:1:2.764 5 4.569624 10.76092582 110.4116698 36.51 70.29 0.41 1.64 3110.849
10:1:10.764 5 4.569228 10.76097767 110.4118122 36.39 68.87 0.1 1.18 3110.836
10:1:18.764 5 4.56897 10.76103436 110.4119506 36.38 67.54 0.24 1.14 3110.816
10:1:26.764 5 4.568812 10.76103436 110.4119506 36.38 66.79 0.26 1.82 3110.833
10:1:34.764 5 4.568504 10.76115278 110.4122284 36.34 65.99 0.29 0.72 3110.805
10:1:42.764 5 4.568226 10.76121435 110.4123665 36.49 65.31 0.21 1.19 3110.809
10:1:50.764 5 4.56834 10.76127374 110.4125022 36.52 64.24 0.59 0.05 3110.83
10:1:58.764 5 4.568116 10.76133378 110.4126401 36.46 63.22 0.15 0.27 3110.831
10:2:6.764 5 4.567896 10.76139971 110.4127737 36.4 61.73 0.19 0.49 3110.817
10:2:14.764 5 4.567362 10.76146433 110.4129065 36.34 60.42 0.13 0.32 3110.823
10:2:22.764 5 4.567208 10.7615342 110.4130352 36.41 59.34 0.03 1.11 3110.799
10:2:30.764 5 4.566752 10.76160386 110.4131651 36.36 58.3 0.09 0.84 3110.82
10:2:38.764 5 4.566294 10.76167132 110.4132939 36.43 56.91 0.35 0.01 3110.84
10:2:46.764 5 4.565906 10.7617436 110.4134206 36.46 55.48 0.7 0.16 3110.828
10:2:54.764 5 4.565466 10.76182086 110.4135439 36.47 54.19 0.48 0.64 3110.821
10:3:2.764 5 4.564718 10.76189719 110.4136669 36.31 52.75 0.2 0.14 3110.856
10:3:10.764 5 4.563914 10.76197826 110.4137885 36.4 51.75 0.29 0.62 3110.857
10:3:18.764 5 4.563092 10.76206024 110.4139078 36.38 50.36 0.21 0.81 3110.84
10:3:26.764 5 4.562192 10.76214113 110.414028 36.46 48.77 0.1 0.02 3110.828
10:3:34.764 5 4.561364 10.76222808 110.4141433 36.48 47.17 0.4 0.47 3110.853
10:3:42.764 5 4.56023 10.76231618 110.4142588 36.37 45.58 0.33 0.24 3110.855
10:3:50.764 5 4.559074 10.76240831 110.4143715 36.32 44.34 0.15 0.84 3110.836
10:3:58.764 5 4.557978 10.76250076 110.4144815 36.38 43.25 0.01 0.89 3110.845
10:4:6.764 5 4.556814 10.76259342 110.4145925 36.34 42.73 0.19 0.79 3110.841
10:4:14.764 5 4.555604 10.76268752 110.4147019 36.39 42.48 0.02 0.93 3110.831
10:4:22.764 5 4.554778 10.76277902 110.4148116 36.45 42.36 0.73 0.19 3110.822
10:4:30.764 5 4.553714 10.76287244 110.4149233 36.42 42.26 0.08 1.07 3110.833
10:4:38.764 5 4.552784 10.76296811 110.4150304 36.42 42.22 0.08 0.82 3110.84
10:4:46.764 5 4.551768 10.7630659 110.4151351 36.31 42.18 0.26 0.29 3110.861
10:4:54.764 5 4.551768 10.76316244 110.4152385 36.37 42.26 0.09 0.39 3110.851
10:5:2.764 5 4.550232 10.7632594 110.4153434 36.16 42.2 0.21 0.54 3110.832
10:5:10.764 5 4.549688 10.76335514 110.4154459 36.34 41.83 0.18 1.43 3110.835
10:5:18.764 5 4.549244 10.76345138 110.4155484 36.41 41.32 0.1 2.05 3110.849
10:5:26.764 5 4.548758 10.76354529 110.4156517 36.42 40.31 0.08 2.12 3110.833
10:5:34.764 5 4.54818 10.76364169 110.4157548 36.36 39.5 0.27 2.03 3110.866
10:5:42.764 5 4.547502 10.7637372 110.415857 36.35 38.15 0.24 1.39 3110.852
10:5:50.764 5 4.546952 10.76383205 110.4159581 36.42 37.07 0.11 1.1 3110.85
10:5:58.764 5 4.546384 10.76393007 110.416056 36.43 36.35 0.01 0.95 3110.862
10:6:6.764 5 4.546028 10.76402849 110.4161523 36.58 36.11 0.18 1.03 3110.819
10:6:14.764 5 4.545618 10.76412624 110.416251 36.52 35.77 0.3 0.41 3110.835
10:6:22.764 5 4.545152 10.76422506 110.4163484 36.49 35.42 0.14 0 3110.842
10:6:30.764 5 4.54481 10.76432394 110.4164457 36.58 34.77 0.28 0.18 3110.842
10:6:38.764 5 4.544662 10.76442419 110.4165414 36.64 33.9 0.27 0.31 3110.831
10:6:46.764 5 4.544268 10.76452476 110.4166388 36.47 33.2 0.18 0.85 3110.816
10:6:54.764 5 4.54393 10.76462856 110.4167319 36.46 32.41 0.04 0.2 3110.829
10:7:2.764 5 4.5437 10.76473499 110.4168213 36.3 32 0.06 0.99 3110.826
10:7:10.764 5 4.543606 10.76473499 110.4168213 36.3 31.56 0.11 0.31 3110.837
10:7:18.764 5 4.543466 10.76494341 110.4170081 36.43 31.38 0.12 0.77 3110.823
10:7:26.764 5 4.543286 10.76504851 110.4171015 36.39 30.98 0.15 0.63 3110.837
10:7:34.764 5 4.543188 10.76515199 110.4171962 36.36 29.92 0.04 0.29 3110.824
10:7:42.764 5 4.543174 10.76525921 110.417286 36.51 28.87 0.06 0.18 3110.849
10:7:50.764 5 4.543174 10.76536758 110.4173737 36.42 27.55 0.13 0.01 3110.836
10:7:58.764 5 4.54265 10.76547669 110.4174594 36.39 26.49 0.13 0.01 3110.816
10:8:6.764 5 4.54243 10.76558572 110.4175442 36.53 25.1 0.14 0.03 3110.833
10:8:14.764 5 4.541744 10.76569808 110.417624 36.47 23.54 0.33 0.49 3110.805
10:8:22.764 5 4.541296 10.76580955 110.4177022 36.6 22.02 0.15 0.16 3110.809
10:8:30.764 5 4.54059 10.76592365 110.4177771 36.57 20.6 0.17 0.09 3110.83
10:8:38.764 5 4.53963 10.76604077 110.4178508 36.38 19.41 0.12 0.46 3110.831
10:8:46.764 5 4.538758 10.76615766 110.4179194 36.44 10.62 0.15 0.92 3110.817
10:8:54.764 5 4.537846 10.76627788 110.4179822 36.49 10.28 0.09 0.38 3110.823
10:9:2.764 5 4.536894 10.76639934 110.4180433 36.39 17.88 0.01 0.53 3110.799
10:9:10.764 5 4.535634 10.7665233 110.4181017 36.26 16.88 0.54 0.87 3110.82
10:9:18.764 5 4.534602 10.76664462 110.4181656 36.45 16.13 0.36 0.2 3110.84
10:9:26.764 5 4.53355 10.76676691 110.4182234 36.44 15.76 0.31 0.82 3110.828
10:9:34.764 5 4.532236 10.766894 110.4182763 36.34 15.13 0.18 1.79 3110.821
10:9:42.764 5 4.53122 10.76701825 110.4183312 36.44 14.68 0.11 2.34 3110.856
10:9:50.764 5 4.529962 10.7671453 110.4183854 36.27 14.7 0.2 2.33 3110.857
10:9:58.764 5 4.528784 10.76727173 110.4184386 36.27 14.6 0.07 2.15 3110.84
10:10:6.764 5 4.528082 10.76739829 110.4184932 36.52 14.6 0.09 1.7 3110.828
10:10:14.764 5 4.526676 10.7675293 110.4185468 36.23 14.66 0.62 1.41 3110.853
10:10:22.764 5 4.526088 10.76765543 110.4186034 36.56 14.88 0.22 0.44 3110.855
10:10:30.764 5 4.525282 10.76778619 110.4186563 36.53 15.04 0.2 0.74 3110.836
10:10:38.764 5 4.524594 10.76791717 110.4187108 36.54 15.17 0.26 0.7 3110.845
10:10:46.764 5 4.524064 10.7680483 110.4187707 36.61 15.27 0.31 0.09 3110.841
10:10:54.764 5 4.523504 10.76818025 110.4188279 36.49 15.26 0.46 0.51 3110.831
10:11:2.764 5 4.523212 10.76818025 110.4188279 36.49 14.68 0.62 0.87 3110.822
10:11:10.764 5 4.522996 10.76844552 110.4189418 36.51 14.11 0.55 1.01 3110.833
10:11:18.764 5 4.522494 10.76858056 110.4189946 36.52 13.28 0.34 0.28 3110.84
10:11:26.764 5 4.522462 10.76871401 110.4190481 36.61 12.76 0.77 0.56 3110.861
10:11:34.764 5 4.522388 10.76884816 110.4191042 36.61 12.68 0.19 0.09 3110.851
10:11:42.764 5 4.522444 10.76898131 110.4191596 36.52 12.5 0.51 0.12 3110.832
10:11:50.764 5 4.522586 10.76911689 110.4192131 36.43 12.72 0.14 0.49 3110.835
10:11:58.764 5 4.52273 10.76925299 110.4192663 36.43 12.46 0.35 0.32 3110.849
10:12:6.764 5 4.52308 10.76938919 110.4193181 36.49 11.95 0.46 0.36 3110.833
10:12:14.764 5 4.52325 10.76952413 110.4193702 36.36 11.15 0.07 1.22 3110.866
10:12:22.764 5 4.523844 10.76965894 110.4194223 36.52 10.64 0.09 1.76 3110.852
10:12:30.764 5 4.524008 10.76979644 110.4194738 36.4 9.59 0.31 1.8 3110.85
10:12:38.764 5 4.524286 10.76992991 110.4195274 36.42 8.05 0.21 0.78 3110.862
10:12:46.764 5 4.524228 10.77006559 110.4195707 36.33 7.09 0.37 1.17 3110.819
10:12:54.764 5 4.524364 10.77020152 110.4196095 36.26 6.58 0 1.92 3110.835
10:13:2.764 5 4.524396 10.77033606 110.4196469 36.44 5.72 0.5 2.47 3110.842
10:13:10.764 5 4.52434 10.7704718 110.4196855 36.32 4.57 0.14 2.26 3110.842
10:13:18.764 5 4.524096 10.77060655 110.4197227 36.5 2.97 0.22 1.02 3110.831
10:13:26.764 5 4.524096 10.77074031 110.4197498 36.38 1.83 0.25 1.38 3110.816
10:13:34.764 5 4.523182 10.77087548 110.4197753 36.37 0.7 0.05 0.79 3110.829
10:13:42.764 5 4.522624 10.77100928 110.4198012 36.59 359.4 0.08 0.28 3110.826
10:13:50.764 5 4.52213 10.77114083 110.4198143 36.61 358.97 0.69 1.7 3110.837
10:13:58.764 5 4.522006 10.77127303 110.4198279 36.4 359.29 0.72 3.67 3110.823
10:14:6.764 5 4.521464 10.77140777 110.4198394 36.26 358.72 0.21 4.38 3110.837
10:14:14.764 5 4.520802 10.77154064 110.4198597 36.25 358.01 0.2 2.77 3110.824
10:14:22.764 5 4.5204 10.7716705 110.4198727 36.31 358.14 0.12 2.53 3110.849
10:14:30.764 5 4.519944 10.77180273 110.419887 36.5 358.29 0.06 1.89 3110.836
10:14:38.764 5 4.519804 10.77193503 110.4199032 36.64 358.7 0.05 1.38 3110.816
10:14:46.764 5 4.520014 10.77206586 110.4199234 36.7 359.44 0.68 0.82 3110.833
10:14:54.764 5 4.520492 10.77220124 110.4199453 36.72 359.79 0.03 0.6 3110.805
10:15:2.764 5 4.52078 10.77233735 110.4199711 36.35 0.13 0.31 1.62 3110.809
10:15:10.764 5 4.521526 10.77247284 110.41999 36.32 0.34 0.16 1.05 3110.83
10:15:18.764 5 4.522058 10.77261117 110.4200095 36.28 0 0.6 0.47 3110.831
10:15:26.764 5 4.523104 10.77274814 110.420031 36.45 359.4 0.13 0.35 3110.817
10:15:34.764 5 4.523984 10.77288745 110.4200577 36.32 358.19 0.07 0.28 3110.823
10:15:42.764 5 4.52494 10.77302651 110.4200778 36.31 357.52 0.02 1.08 3110.799
10:15:50.764 5 4.525888 10.77316722 110.4201019 36.49 356.31 0 0.37 3110.82
10:15:58.764 5 4.526796 10.7733085 110.4201238 36.59 355.25 0.06 0.23 3110.84
10:16:6.764 5 4.528064 10.77344877 110.4201476 36.95 354.24 0.53 0.73 3110.828
10:16:14.764 5 4.528988 10.77359182 110.4201697 36.68 353.23 0.28 1.15 3110.821
10:16:22.764 5 4.52982 10.77373334 110.4201841 36.55 352.19 0.26 1.26 3110.856
10:16:30.764 5 4.53084 10.77387544 110.4201994 36.54 350.89 0.25 1.58 3110.857
10:16:38.764 5 4.531446 10.77401754 110.4202064 36.37 349.37 0.21 1.19 3110.84
10:16:46.764 5 4.532276 10.77415607 110.4202078 36.46 348.14 0.18 0.33 3110.828
10:16:54.764 5 4.532818 10.77429799 110.4202079 36.42 347.03 0.59 0.75 3110.853
10:17:2.764 5 4.533144 10.77443839 110.4202109 36.43 345.55 0.25 0.05 3110.855
10:17:10.764 5 4.533388 10.77457703 110.4202064 36.59 343.97 0.05 0.13 3110.836
10:17:18.764 5 4.533624 10.77471412 110.4201981 36.52 342.88 0.25 0.89 3110.845
10:17:26.764 5 4.53384 10.77485206 110.4201889 36.6 342.35 0.22 0.3 3110.841
10:17:34.764 5 4.533892 10.7749886 110.4201725 36.35 342.06 0 1.5 3110.831
10:17:42.764 5 4.533738 10.7751253 110.4201537 36.27 341.72 0.54 1.86 3110.822
10:17:50.764 5 4.53376 10.77526123 110.4201386 36.27 341.4 0.3 1.52 3110.833
10:17:58.764 5 4.53393 10.7753977 110.4201259 36.61 340.34 0.03 0.01 3110.84
10:18:6.764 5 4.534242 10.77553216 110.4201077 36.48 340.01 0.02 0.12 3110.861
10:18:14.764 5 4.533924 10.77566554 110.4200829 35.93 339.87 0.44 1.12 3110.851
10:18:22.764 5 4.534192 10.7757965 110.4200593 36.3 339.47 0.24 1.48 3110.832
